
25/09/2019 12:52:28 
 10 2 1 2 3 1 2 1 1 14 7 1 1 2 3 6 2 11 2 14 2 2 3 6 2 11 2 14 3 1 1 5 2 14 3 14 4 14 7 3 1 3 2 6 2 12 2 14 2 3 2 6 2 12 2 14 3 2 2 6 2 11 2 14 4 2 2 5 2 14 5 3 2 5 2 11 2 14 6 3 2 5 2 14 7 5 1 3 2 4 2 13 1 14 2 3 2 4 1 13 1 14 3 3 2 4 1 13 1 14 4 3 2 4 1 13 1 14 5 3 2 4 1 13 1 14 6 3 2 4 1 13 1 14 7 2 1 2 2 6 2 9 2 14 2 2 2 5 1 7 1 14 3 2 1 5 1 7 1 14 4 2 2 4 2 7 1 14 5 14 7 4 1 3 2 7 2 14 2 3 2 14 3 3 1 14 3 13 2 14 3 14 4 3 2 14 5 2 2 14 5 14 7 7 2 5 4 5 1 2 7 7 1 2 4 5 3 2 14 6 3 2 14 7 6 1 3 2 5 2 8 2 14 7 7 2 5 6 2 1 3 2 5 7 7 1 2 6 1 8 1 14 2 3 2 5 1 8 1 14 3 3 2 5 1 8 1 14 4 3 1 14 5 3 1 14 6 3 1 14 7 7 2 4 1 6 1 2 1 3 1 1 3 3 2 1 1 2 1 1 3 1 1 2 2 1 1 4 3 2 3 1 3 1 4 3 2 2 1 4 3 2 3 2 3 1 4 3 5 1 4 1 1 2 4 6 7 1 3 7 4 3 2 1 1 1 2 3 4 5 6 7 3 1 2 3 4 5 6 7 4 3 3 1 2 1 1 3 6 3 4 1 1 


26/09/2019 08:38:32 
 10 2 1 5 1 3 2 4 1 2 4 1 2 1 1 3 1 13 1 14 2 3 1 13 1 14 3 3 1 13 1 14 4 3 1 13 1 14 5 3 1 13 1 14 6 3 1 13 1 14 7 4 1 3 1 4 2 7 2 14 2 3 1 4 2 7 2 14 3 3 1 4 2 7 2 14 4 14 7 2 1 3 2 4 1 11 2 14 2 3 2 4 1 11 2 14 3 3 2 4 1 11 2 14 4 3 2 4 1 11 2 14 5 3 2 4 1 13 1 14 6 3 2 4 1 8 2 14 7 5 1 1 1 5 1 8 1 14 2 1 1 5 1 8 1 14 3 1 1 5 2 9 2 14 4 1 1 5 2 7 2 14 5 2 1 4 2 8 1 14 6 1 1 4 2 8 1 14 7 6 1 2 1 5 1 14 2 2 1 4 1 14 3 2 1 5 1 14 4 2 1 5 1 14 5 2 1 6 3 14 6 2 1 14 7 7 1 2 3 1 2 1 14 2 2 1 14 3 2 1 14 4 2 1 14 5 2 1 14 6 2 1 14 7 7 2 4 1 4 1 5 1 7 3 3 1 1 1 2 1 3 3 6 3 1 5 1 2 1 6 2 3 1 6 3 1 4 2 1 2 6 7 1 6 7 4 3 3 2 2 2 1 4 3 2 3 1 1 1 3 3 4 3 4 1 2 3 60,0 3 4 1 1 1 2 1 1 3 1 5 2 9 1 14 2 3 3 5 2 9 1 14 3 3 3 5 2 9 1 14 7 7 2 4 1 1 1 7 3 1 2 2 1 3 3 5 1 11 2 14 2 2 3 5 1 12 2 14 3 2 3 5 1 12 2 14 4 2 3 5 1 12 2 14 5 2 3 5 1 9 2 14 6 3 4 2 3 5 1 9 2 14 7 5 1 1 1 5 1 8 1 14 2 1 1 4 2 8 1 14 3 1 1 4 2 9 2 14 3 14 4 2 1 5 1 11 2 14 5 1 1 5 1 8 1 14 6 3 1 5 1 12 1 14 7 7 2 4 1 5 1 7 3 2 6 1 2 6 1 1 3 9 2 14 2 1 3 9 2 14 3 2 4 1 3 9 2 14 4 1 3 9 2 14 5 1 3 9 2 14 6 1 3 9 2 14 7 4 1 1 2 4 1 14 2 1 2 4 1 14 3 1 2 4 1 14 4 1 2 4 1 14 5 1 2 4 1 14 6 1 2 4 1 14 7 7 2 4 1 6 1 4 3 2 3 4 1 1 25,0 3 1 1 1 4 2 1 2 1 2 3 4 5 6 7 3 1 2 3 4 5 6 7 4 3 3 2 2 1 1 4 3 2 4 1 2 3 5,0 3 2 2 2 2 4 3 1 2 1 4 1 6 3 1 4 1 1 1 1 2 3 4 5 6 7 3 1 2 3 4 5 6 7 4 3 3 4 1 1 1 2 1 1 3 1 4 1 8 1 14 2 3 1 4 1 8 1 14 3 3 1 4 1 8 1 14 4 3 1 4 1 8 1 14 5 3 1 4 1 8 1 14 6 3 1 4 1 8 1 14 7 2 1 3 1 5 2 9 1 14 2 2 4 3 1 5 2 9 1 14 3 3 1 5 2 12 2 14 4 3 1 5 2 12 2 14 5 3 1 4 1 12 2 14 6 3 1 4 1 7 1 14 7 4 1 2 1 14 2 2 1 14 3 2 1 14 4 2 1 14 5 2 1 14 6 2 1 14 7 5 1 3 1 5 2 12 2 14 2 1 1 5 1 8 1 14 3 1 1 5 1 8 1 14 4 3 1 5 2 12 2 14 5 1 1 4 1 8 1 14 6 1 1 4 1 9 1 14 7 6 1 1 1 14 2 1 1 14 3 1 1 14 4 1 1 14 4 14 5 1 1 14 6 1 1 14 3 14 7 3 1 2 1 5 2 9 1 14 2 2 1 5 2 9 1 14 3 2 1 5 2 9 1 14 4 2 1 5 2 14 5 2 1 14 6 2 1 14 7 7 2 4 1 6 1 5 1 4 1 1 1 3 1 7 3 3 1 1 1 4 1 2 3 1 7 4 3 2 3 3 1 2 2 3 1 1 1 6 3 2 2 1 1 4 3 2 2 2 1 4 3 2 3 2 3 3 4 3 5 4 1 1 

06/11/2019 05:48:34 
 10 2 1 5 1 3 2 4 1 2 4 1 2 1 1 3 1 13 1 14 2 3 1 13 1 14 3 3 1 13 1 14 4 3 1 13 1 14 5 3 1 13 1 14 6 3 1 13 1 14 7 4 1 3 1 4 2 7 2 14 2 3 1 4 2 7 2 14 3 3 1 4 2 7 2 14 4 14 7 2 1 3 2 4 1 11 2 14 2 3 2 4 1 11 2 14 3 3 2 4 1 11 2 14 4 3 2 4 1 11 2 14 5 3 2 4 1 13 1 14 6 3 2 4 1 8 2 14 7 5 1 1 1 5 1 8 1 14 2 1 1 5 1 8 1 14 3 1 1 5 2 9 2 14 4 1 1 5 2 7 2 14 5 2 1 4 2 8 1 14 6 1 1 4 2 8 1 14 7 6 1 2 1 5 1 14 2 2 1 4 1 14 3 2 1 5 1 14 4 2 1 5 1 14 5 2 1 6 3 14 6 2 1 14 7 7 1 2 3 1 2 1 14 2 2 1 14 3 2 1 14 4 2 1 14 5 2 1 14 6 2 1 14 7 7 2 4 1 4 1 5 1 7 3 3 1 1 1 2 1 3 3 6 3 1 5 1 2 1 6 2 3 1 6 3 1 4 2 1 2 6 7 1 6 7 4 3 3 2 2 2 1 4 3 2 3 1 1 1 3 3 4 3 4 1 2 3 60,0 3 4 1 1 1 2 1 1 3 1 5 2 9 1 14 2 3 3 5 2 9 1 14 3 3 3 5 2 9 1 14 7 7 2 4 1 1 1 7 3 1 2 2 1 3 3 5 1 11 2 14 2 2 3 5 1 12 2 14 3 2 3 5 1 12 2 14 4 2 3 5 1 12 2 14 5 2 3 5 1 9 2 14 6 3 4 2 3 5 1 9 2 14 7 5 1 1 1 5 1 8 1 14 2 1 1 4 2 8 1 14 3 1 1 4 2 9 2 14 3 14 4 2 1 5 1 11 2 14 5 1 1 5 1 8 1 14 6 3 1 5 1 12 1 14 7 7 2 4 1 5 1 7 3 2 6 1 2 6 1 1 3 9 2 14 2 1 3 9 2 14 3 2 4 1 3 9 2 14 4 1 3 9 2 14 5 1 3 9 2 14 6 1 3 9 2 14 7 4 1 1 2 4 1 14 2 1 2 4 1 14 3 1 2 4 1 14 4 1 2 4 1 14 5 1 2 4 1 14 6 1 2 4 1 14 7 7 2 4 1 6 1 4 3 2 3 4 1 1 25,0 3 1 1 1 4 2 1 2 1 2 3 4 5 6 7 3 1 2 3 4 5 6 7 4 3 3 2 2 1 1 4 3 2 4 1 2 3 5,0 3 2 2 2 2 4 3 1 2 1 4 1 6 3 1 4 1 1 1 1 2 3 4 5 6 7 3 1 2 3 4 5 6 7 4 3 3 4 1 1 1 2 1 1 3 1 4 1 8 1 14 2 3 1 4 1 8 1 14 3 3 1 4 1 8 1 14 4 3 1 4 1 8 1 14 5 3 1 4 1 8 1 14 6 3 1 4 1 8 1 14 7 2 1 3 1 5 2 9 1 14 2 2 4 3 1 5 2 9 1 14 3 3 1 5 2 12 2 14 4 3 1 5 2 12 2 14 5 3 1 4 1 12 2 14 6 3 1 4 1 7 1 14 7 4 1 2 1 14 2 2 1 14 3 2 1 14 4 2 1 14 5 2 1 14 6 2 1 14 7 5 1 3 1 5 2 12 2 14 2 1 1 5 1 8 1 14 3 1 1 5 1 8 1 14 4 3 1 5 2 12 2 14 5 1 1 4 1 8 1 14 6 1 1 4 1 9 1 14 7 6 1 1 1 14 2 1 1 14 3 1 1 14 4 1 1 14 4 14 5 1 1 14 6 1 1 14 3 14 7 3 1 2 1 5 2 9 1 14 2 2 1 5 2 9 1 14 3 2 1 5 2 9 1 14 4 2 1 5 2 14 5 2 1 14 6 2 1 14 7 7 2 4 1 6 1 5 1 4 1 1 1 3 1 7 3 3 1 1 1 1 2 3 1 3 2 3 3 1 2 2 3 1 1 1 3 2 2 1 1,0 3 2 2 2 1 4 3 2 3 2 3 3 4 3 5 4 1 1 

07/11/2019 10:23:02 
 10 2 1 2 5 1 2 6 1 3 1 13 1 14 2 3 1 13 1 14 3 3 1 13 1 14 4 3 1 13 1 14 5 3 1 13 1 14 6 3 

07/11/2019 10:25:16 
 10 2 1 2 5 1 2 6 1 3 1 13 1 14 2 3 1 13 1 14 3 3 2 13 1 14 4 14 3 14 4 3 2 13 1 14 5 3 2 13 1 14 6 3 2 13 1 14 7 2 1 3 1 6 1 9 1 14 2 3 1 6 1 9 1 14 3 3 2 6 1 9 1 14 4 3 2 6 1 9 1 14 5 3 2 9 1 6 1 14 6 3 2 6 1 9 1 14 7 1 1 2 2 8 2 14 2 2 2 4 2 8 2 14 3 2 2 4 2 8 2 14 4 2 2 13 1 14 5 1 1 14 6 1 1 14 7 7 1 2 3 1 1 1 5 1 8 1 10 1 2 1 1 5 1 8 1 10 1 3 1 1 5 1 8 1 10 1 4 1 1 4 1 8 1 10 1 5 1 1 4 1 8 1 10 1 6 1 1 4 1 8 1 10 1 7 4 1 3 1 5 1 12 1 14 2 3 1 5 1 12 1 14 3 3 1 5 1 12 1 14 4 3 1 5 1 12 1 14 7 5 1 1 1 4 2 11 1 14 2 1 1 4 2 11 1 14 3 1 1 4 2 11 1 14 4 2 2 5 2 11 1 14 5 2 2 5 2 11 1 14 6 2 2 5 2 11 1 14 7 7 2 4 1 1 1 2 1 3 1 6 3 3 2 3 2 

07/11/2019 10:40:34 
 10 2 1 4 5 1 2 6 1 3 1 13 1 14 2 3 1 13 1 14 3 3 2 13 1 14 4 14 3 14 4 3 2 13 1 14 5 3 2 13 1 14 6 3 2 13 1 14 7 2 1 3 1 6 1 9 1 14 2 3 1 6 1 9 1 14 3 3 2 6 1 9 1 14 4 3 2 6 1 9 1 14 5 3 2 9 1 6 1 14 6 3 2 6 1 9 1 14 7 1 1 2 2 8 2 14 2 2 2 4 2 8 2 14 3 2 2 4 2 8 2 14 4 2 2 13 1 14 5 1 1 14 6 1 1 14 7 7 1 2 3 1 1 1 5 1 8 1 10 1 2 1 1 5 1 8 1 10 1 3 1 1 5 1 8 1 10 1 4 1 1 4 1 8 1 10 1 5 1 1 4 1 8 1 10 1 6 1 1 4 1 8 1 10 1 7 4 1 3 1 5 1 12 1 14 2 3 1 5 1 12 1 14 3 3 1 5 1 12 1 14 4 3 1 5 1 12 1 14 7 5 1 1 1 4 2 11 1 14 2 1 1 4 2 11 1 14 3 1 1 4 2 11 1 14 4 2 2 5 2 11 1 14 5 2 2 5 2 11 1 14 6 2 2 5 2 11 1 14 7 7 2 4 1 1 1 2 1 3 1 6 3 3 2 2 2 4 1 3 1 1 2 2 2 1 4 3 2 3 2 1 3 3 1 4 3 5 1 4 2 1 3 1 2 3 4 5 6 7 2 5 6 7 1 1 2 3 4 5 6 7 4 3 2 3 3 1 2 2 1 2 6 3 2 2 1 2 4 3 1 4 1 1 2 6 7 4 3 3 1 2 1 2 1 6 3 4 1 1 1 2 1 1 1 1 14 2 2 2 12 2 14 3 1 1 14 4 1 1 14 5 2 2 14 6 2 2 13 2 14 7 2 1 3 1 6 1 9 1 14 2 3 1 6 1 9 1 14 3 3 1 6 1 9 1 14 4 3 2 6 1 9 1 14 5 3 2 6 1 9 1 14 6 3 2 6 1 9 1 14 7 6 1 1 1 13 1 14 2 1 1 14 3 1 1 14 4 1 1 14 5 1 1 14 6 1 1 14 7 3 1 1 1 5 1 14 2 1 1 5 1 14 3 2 1 5 1 14 4 2 1 5 1 14 5 2 1 5 1 14 6 1 1 5 1 14 7 4 1 3 1 6 1 9 1 14 2 3 1 6 1 9 1 14 3 3 1 6 1 9 1 14 4 3 1 6 1 9 1 14 5 3 1 6 1 9 1 14 6 3 1 6 1 9 1 14 7 5 1 1 1 5 2 11 3 14 2 1 1 5 2 11 3 14 3 1 1 5 2 11 3 14 4 2 2 5 2 11 3 14 5 2 2 5 2 11 3 14 6 2 2 5 2 11 3 14 7 7 2 4 1 4 1 6 1 7 3 1 4 3 1 1 2 2 1 2 4 2 2 3 4 3 2 3 1 1 1 3 3 4 2 1 1 2 3 4 3 5 1 4 2 1 2 1 2 3 4 5 6 7 3 1 2 3 4 5 6 7 4 3 3 4 1 1 3 2 3 2 4 2 1 2 3 1 5 1 7 1 14 2 5 1 7 1 14 3 5 1 7 1 14 4 5 1 14 5 5 1 14 6 5 1 14 7 5 1 3 2 14 2 3 2 14 3 3 2 14 4 3 2 14 5 3 2 14 3 2 14 7 1 1 3 2 14 2 1 1 5 2 14 3 1 1 5 2 14 4 3 2 5 2 14 5 3 2 14 6 3 2 5 2 14 7 7 1 2 2 1 3 2 6 1 9 1 14 2 3 2 6 1 9 1 14 3 3 2 6 1 9 1 14 4 3 2 6 1 9 1 14 5 3 2 6 1 9 1 14 6 3 2 6 1 9 1 14 7 4 1 3 2 6 1 7 1 14 2 3 2 6 1 7 1 14 3 3 2 6 1 7 1 14 4 3 2 6 1 8 1 14 5 3 2 6 1 8 1 14 6 3 2 6 1 8 1 14 7 6 1 13 1 1 2 14 2 1 2 14 3 1 2 14 4 1 2 14 5 1 2 14 6 1 2 14 7 7 2 4 1 1 1 4 1 7 3 3 1 1 

11/11/2019 09:57:18 
 10 2 1 4 5 1 2 6 1 3 1 13 1 14 2 3 1 13 1 14 3 3 2 13 1 14 4 14 3 14 4 3 2 13 1 14 5 3 2 13 1 14 6 3 2 13 1 14 7 2 1 3 1 6 1 9 1 14 2 3 1 6 1 9 1 14 3 3 2 6 1 9 1 14 4 3 2 6 1 9 1 14 5 3 2 9 1 6 1 14 6 3 2 6 1 9 1 14 7 1 1 2 2 8 2 14 2 2 2 4 2 8 2 14 3 2 2 4 2 8 2 14 4 2 2 13 1 14 5 1 1 14 6 1 1 14 7 7 1 2 3 1 1 1 5 1 8 1 10 1 2 1 1 5 1 8 1 10 1 3 1 1 5 1 8 1 10 1 4 1 1 4 1 8 1 10 1 5 1 1 4 1 8 1 10 1 6 1 1 4 1 8 1 10 1 7 4 1 3 1 5 1 12 1 14 2 3 1 5 1 12 1 14 3 3 1 5 1 12 1 14 4 3 1 5 1 12 1 14 7 5 1 1 1 4 2 11 1 14 2 1 1 4 2 11 1 14 3 1 1 4 2 11 1 14 4 2 2 5 2 11 1 14 5 2 2 5 2 11 1 14 6 2 2 5 2 11 1 14 7 7 2 4 1 1 1 2 1 3 1 6 3 3 2 3 2 4 2 3 1 1 2 2 2 1 4 3 2 3 2 1 3 3 1 4 3 5 1 4 2 1 3 1 2 3 4 5 6 7 2 5 6 7 1 1 2 3 4 5 6 7 4 3 2 3 3 1 2 2 1 2 6 3 2 2 1 2 4 3 1 4 1 1 2 6 7 4 3 3 1 2 1 2 1 6 3 4 1 1 1 2 1 1 1 1 14 2 2 2 12 2 14 3 1 1 14 4 1 1 14 5 2 2 14 6 2 2 13 2 14 7 2 1 3 1 6 1 9 1 14 2 3 1 6 1 9 1 14 3 3 1 6 1 9 1 14 4 3 2 6 1 9 1 14 5 3 2 6 1 9 1 14 6 3 2 6 1 9 1 14 7 6 1 1 1 13 1 14 2 1 1 14 3 1 1 14 4 1 1 14 5 1 1 14 6 1 1 14 7 3 1 1 1 5 1 14 2 1 1 5 1 14 3 2 1 5 1 14 4 2 1 5 1 14 5 2 1 5 1 14 6 1 1 5 1 14 7 4 1 3 1 6 1 9 1 14 2 3 1 6 1 9 1 14 3 3 1 6 1 9 1 14 4 3 1 6 1 9 1 14 5 3 1 6 1 9 1 14 6 3 1 6 1 9 1 14 7 5 1 1 1 5 2 11 3 14 2 1 1 5 2 11 3 14 3 1 1 5 2 11 3 14 4 2 2 5 2 11 3 14 5 2 2 5 2 11 3 14 6 2 2 5 2 11 3 14 7 7 2 4 1 4 1 6 1 7 3 1 4 3 1 1 2 2 1 2 4 2 2 3 4 3 2 3 1 1 1 3 3 4 2 1 1 2 3 4 3 5 1 4 2 1 2 1 2 3 4 5 6 7 3 1 2 3 4 5 6 7 4 3 3 4 1 1 3 2 3 2 4 2 1 2 3 1 5 1 7 1 14 2 5 1 7 1 14 3 5 1 7 1 14 4 5 1 14 5 5 1 14 6 5 1 14 7 5 1 3 2 14 2 3 2 14 3 3 2 14 4 3 2 14 5 3 2 14 3 2 14 7 1 1 3 2 14 2 1 1 5 2 14 3 1 1 5 2 14 4 3 2 5 2 14 5 3 2 14 6 3 2 5 2 14 7 7 1 2 2 1 3 2 6 1 9 1 14 2 3 2 6 1 9 1 14 3 3 2 6 1 9 1 14 4 3 2 6 1 9 1 14 5 3 2 6 1 9 1 14 6 3 2 6 1 9 1 14 7 4 1 3 2 6 1 7 1 14 2 3 2 6 1 7 1 14 3 3 2 6 1 7 1 14 4 3 2 6 1 8 1 14 5 3 2 6 1 8 1 14 6 3 2 6 1 8 1 14 7 6 1 13 1 1 2 14 2 1 2 14 3 1 2 14 4 1 2 14 5 1 2 14 6 1 2 14 7 7 2 4 1 1 1 4 1 7 3 3 1 1 1 2 2 2 3 6 3 1 4 2 1 2 1 2 3 4 5 6 7 3 1 2 3 4 5 6 7 4 3 3 2 3 1 2 1 3 1 4 2 1 3 2 1 4 3 2 2 1 4 3 4 4 4 1 1 

27/11/2019 08:31:02 
 10 2 

27/11/2019 08:31:53 
 10 2 

27/11/2019 08:32:11 
 10 2 1 4 5 1 2 6 1 3 1 13 1 14 2 3 1 13 1 14 3 3 2 13 1 14 4 14 3 14 4 3 2 13 1 14 5 3 2 13 1 14 6 3 2 13 1 14 7 2 1 3 1 6 1 9 1 14 2 3 1 6 1 9 1 14 3 3 2 6 1 9 1 14 4 3 2 6 1 9 1 14 5 3 2 9 1 6 1 14 6 3 2 6 1 9 1 14 7 1 1 2 2 8 2 14 2 2 2 4 2 8 2 14 3 2 2 4 2 8 2 14 4 2 2 13 1 14 5 1 1 14 6 1 1 14 7 7 1 2 3 1 1 1 5 1 8 1 10 1 2 1 1 5 1 8 1 10 1 3 1 1 5 1 8 1 10 1 4 1 1 4 1 8 1 10 1 5 1 1 4 1 8 1 10 1 6 1 1 4 1 8 1 10 1 7 4 1 3 1 5 1 12 1 14 2 3 1 5 1 12 1 14 3 3 1 5 1 12 1 14 4 3 1 5 1 12 1 14 7 5 1 1 1 4 2 11 1 14 2 1 1 4 2 11 1 14 3 1 1 4 2 11 1 14 4 2 2 5 2 11 1 14 5 2 2 5 2 11 1 14 6 2 2 5 2 11 1 14 7 7 2 4 1 1 1 2 1 3 1 6 3 3 2 3 2 4 2 3 1 1 2 2 2 1 4 3 2 3 2 1 3 3 1 4 3 5 1 4 2 1 3 1 2 3 4 5 6 7 2 5 6 7 1 1 2 3 4 5 6 7 4 3 2 3 3 1 2 2 1 2 6 3 2 2 1 2 4 3 1 4 1 1 2 6 7 4 3 3 1 2 1 2 1 6 3 4 1 1 1 2 1 1 1 1 14 2 2 2 12 2 14 3 1 1 14 4 1 1 14 5 2 2 14 6 2 2 13 2 14 7 2 1 3 1 6 1 9 1 14 2 3 1 6 1 9 1 14 3 3 1 6 1 9 1 14 4 3 2 6 1 9 1 14 5 3 2 6 1 9 1 14 6 3 2 6 1 9 1 14 7 6 1 1 1 13 1 14 2 1 1 14 3 1 1 14 4 1 1 14 5 1 1 14 6 1 1 14 7 3 1 1 1 5 1 14 2 1 1 5 1 14 3 2 1 5 1 14 4 2 1 5 1 14 5 2 1 5 1 14 6 1 1 5 1 14 7 4 1 3 1 6 1 9 1 14 2 3 1 6 1 9 1 14 3 3 1 6 1 9 1 14 4 3 1 6 1 9 1 14 5 3 1 6 1 9 1 14 6 3 1 6 1 9 1 14 7 5 1 1 1 5 2 11 3 14 2 1 1 5 2 11 3 14 3 1 1 5 2 11 3 14 4 2 2 5 2 11 3 14 5 2 2 5 2 11 3 14 6 2 2 5 2 11 3 14 7 7 2 4 1 4 1 6 1 7 3 1 4 3 1 1 2 2 1 2 4 2 2 3 4 3 2 3 1 1 1 3 3 4 2 1 1 2 3 4 3 5 1 4 2 1 2 1 2 3 4 5 6 7 3 1 2 3 4 5 6 7 4 3 3 4 1 1 3 2 3 2 4 2 1 2 3 1 5 1 7 1 14 2 5 1 7 1 14 3 5 1 7 1 14 4 5 1 14 5 5 1 14 6 5 1 14 7 5 1 3 2 14 2 3 2 14 3 3 2 14 4 3 2 14 5 3 2 14 3 2 14 7 1 1 3 2 14 2 1 1 5 2 14 3 1 1 5 2 14 4 3 2 5 2 14 5 3 2 14 6 3 2 5 2 14 7 7 1 2 2 1 3 2 6 1 9 1 14 2 3 2 6 1 9 1 14 3 3 2 6 1 9 1 14 4 3 2 6 1 9 1 14 5 3 2 6 1 9 1 14 6 3 2 6 1 9 1 14 7 4 1 3 2 6 1 7 1 14 2 3 2 6 1 7 1 14 3 3 2 6 1 7 1 14 4 3 2 6 1 8 1 14 5 3 2 6 1 8 1 14 6 3 2 6 1 8 1 14 7 6 1 13 1 1 2 14 2 1 2 14 3 1 2 14 4 1 2 14 5 1 2 14 6 1 2 14 7 7 2 4 1 1 1 4 1 7 3 3 1 1 1 2 2 2 3 6 3 1 4 2 1 2 1 2 3 4 5 6 7 3 1 2 3 4 5 6 7 4 3 3 2 3 1 2 1 3 1 4 2 1 3 2 1 4 3 2 2 1 4 3 4 4 4 1 1 

27/11/2019 09:23:00 
 10 2 1 4 4 3 2 1 

27/11/2019 09:26:17 
 10 2 1 2 4 3 2 1 

27/11/2019 09:31:52 
 10 2 1 4 1 3 

27/11/2019 09:35:34 
 10 2 1 3 4 3 2 1 2 

27/11/2019 10:10:03 
 10 2 1 3 3 3 2 1 1 

27/11/2019 10:13:57 
 10 2 1 3 3 3 2 1 1 1 

27/11/2019 10:15:03 
 10 2 1 4 2 3 2 1 2 1 

27/11/2019 10:15:31 
 10 2 1 5 2 3 2 5 2 

27/11/2019 10:15:59 
 10 2 1 1 4 3 2 2 1 1 

27/11/2019 02:15:42 
 10 2 1 5 1 3 2 1 3 3 

27/11/2019 02:16:08 
 10 2 1 2 4 3 2 5 1 3 

27/11/2019 02:18:48 
 10 2 1 5 1 3 2 5 1 3 

27/11/2019 02:20:27 
 10 2 1 4 2 3 2 5 1 3 

27/11/2019 02:22:02 
 10 2 1 4 2 3 2 5 1 3 

27/11/2019 02:57:57 
 10 2 1 5 2 3 2 1 3 2 1 

27/11/2019 02:59:11 
 10 2 1 5 3 3 2 2 4 3 5 2 4 

27/11/2019 03:49:16 
 10 2 1 5 2 3 2 5 3 2 3 4 1 

28/11/2019 09:01:25 
 10 2 1 4 3 3 2 2 3 1 5 4 

28/11/2019 09:05:32 
 10 2 1 3 2 3 2 2 1 3 3 4 

28/11/2019 09:08:17 
 10 2 1 5 3 3 2 4 4 1 5 4 4 

28/11/2019 09:10:05 
 10 2 1 1 4 3 2 1 2 3 2 2 

28/11/2019 09:15:26 
 10 2 1 4 2 3 2 1 2 3 2 1 3 

05/12/2019 03:17:58 
 10 2 3 1 3 2 1 1 1 1 1 1 

05/12/2019 03:20:12 
 

05/12/2019 03:20:17 
 10 2 3 2 1 1 1 1 1 1 1 

05/12/2019 03:21:45 
 10 2 3 2 1 1 1 1 1 1 

12/12/2019 10:09:26 
 10 2 2 6 1 4 3 4 3 

13/12/2019 04:08:31 
 10 2 3 2 4 3 

13/12/2019 04:26:21 
 10 2 3 2 4 

13/12/2019 04:26:56 
 10 2 3 2 4 3 2 5 4 

13/12/2019 04:28:01 
 10 2 3 2 4 3 2 5 4 2 

13/12/2019 05:17:32 
 10 2 1 2 

13/12/2019 05:17:55 
 10 2 1 2 6 1 3 1 13 1 14 2 3 1 13 1 14 3 3 2 13 1 14 4 14 3 14 4 3 2 13 1 14 5 3 2 13 1 14 6 3 2 13 1 14 7 2 1 3 1 6 1 9 1 14 2 3 1 6 1 9 1 14 3 3 2 6 1 9 1 14 4 3 2 6 1 9 1 14 5 3 2 9 1 6 1 14 6 3 2 6 1 9 1 14 7 1 1 2 2 8 2 14 2 2 2 4 2 8 2 14 3 2 2 4 2 8 2 14 4 2 2 13 1 14 5 1 1 14 6 1 1 14 7 7 1 2 3 1 1 1 5 1 8 1 10 1 2 1 1 5 1 8 1 10 1 3 1 1 5 1 8 1 10 1 4 1 1 4 1 8 1 10 1 5 1 1 4 1 8 1 10 1 6 1 1 4 1 8 1 10 1 7 4 1 3 1 5 1 12 1 14 2 3 1 5 1 12 1 14 3 3 1 5 1 12 1 14 4 3 1 5 1 12 1 14 7 5 1 1 1 4 2 11 1 14 2 1 1 4 2 11 1 14 3 1 1 4 2 11 1 14 4 2 2 5 2 11 1 14 5 2 2 5 2 11 1 14 6 2 2 5 2 11 1 14 7 7 2 4 1 1 1 2 1 3 1 6 3 3 2 4 3 2 5 4 2 3 1 1 2 2 2 1 4 3 2 3 2 1 3 3 1 4 3 5 1 4 2 1 3 1 2 3 4 5 6 7 2 5 6 7 1 1 2 3 4 5 6 7 4 3 2 3 3 1 2 2 1 2 6 3 2 2 1 2 4 3 1 4 1 1 2 6 7 4 3 3 1 2 1 2 1 6 3 4 1 1 1 2 1 1 1 1 14 2 2 2 12 2 14 3 1 1 14 4 1 1 14 5 2 2 14 6 2 2 13 2 14 7 2 1 3 1 6 1 9 1 14 2 3 1 6 1 9 1 14 3 3 1 6 1 9 1 14 4 3 2 6 1 9 1 14 5 3 2 6 1 9 1 14 6 3 2 6 1 9 1 14 7 6 1 1 1 13 1 14 2 1 1 14 3 1 1 14 4 1 1 14 5 1 1 14 6 1 1 14 7 3 1 1 1 5 1 14 2 1 1 5 1 14 3 2 1 5 1 14 4 2 1 5 1 14 5 2 1 5 1 14 6 1 1 5 1 14 7 4 1 3 1 6 1 9 1 14 2 3 1 6 1 9 1 14 3 3 1 6 1 9 1 14 4 3 1 6 1 9 1 14 5 3 1 6 1 9 1 14 6 3 1 6 1 9 1 14 7 5 1 1 1 5 2 11 3 14 2 1 1 5 2 11 3 14 3 1 1 5 2 11 3 14 4 2 2 5 2 11 3 14 5 2 2 5 2 11 3 14 6 2 2 5 2 11 3 14 7 7 2 4 1 4 1 6 1 7 3 1 4 3 1 1 2 2 1 2 4 2 2 3 4 3 2 3 1 1 1 3 3 4 2 1 1 2 3 4 3 5 1 4 2 1 2 1 2 3 4 5 6 7 3 1 2 3 4 5 6 7 4 3 3 4 1 1 3 2 4 3 2 5 4 2 1 2 3 1 5 1 7 1 14 2 5 1 7 1 14 3 5 1 7 1 14 4 5 1 14 5 5 1 14 6 5 1 14 7 5 1 3 2 14 2 3 2 14 3 3 2 14 4 3 2 14 5 3 2 14 3 2 14 7 1 1 3 2 14 2 1 1 5 2 14 3 1 1 5 2 14 4 3 2 5 2 14 5 3 2 14 6 3 2 5 2 14 7 7 1 2 2 1 3 2 6 1 9 1 14 2 3 2 6 1 9 1 14 3 3 2 6 1 9 1 14 4 3 2 6 1 9 1 14 5 3 2 6 1 9 1 14 6 3 2 6 1 9 1 14 7 4 1 3 2 6 1 7 1 14 2 3 2 6 1 7 1 14 3 3 2 6 1 7 1 14 4 3 2 6 1 8 1 14 5 3 2 6 1 8 1 14 6 3 2 6 1 8 1 14 7 6 1 13 1 1 2 14 2 1 2 14 3 1 2 14 4 1 2 14 5 1 2 14 6 1 2 14 7 7 2 4 1 1 1 4 1 7 3 3 1 1 1 2 2 2 3 6 3 1 4 2 1 2 1 2 3 4 5 6 7 3 1 2 3 4 5 6 7 4 3 3 2 3 1 2 1 3 1 4 2 1 3 2 1 4 3 2 2 1 4 3 4 4 4 1 1 1 2 3 1 3 2 8 2 14 2 3 2 8 2 14 3 3 2 8 2 14 4 2 1 12 2 14 5 2 1 12 2 14 6 2 1 12 2 14 7 4 1 3 1 6 1 9 1 14 2 3 1 6 1 9 1 14 3 3 1 6 1 9 1 14 4 3 1 6 1 9 1 14 5 3 1 6 1 9 1 14 6 3 1 6 1 9 1 14 7 6 1 3 1 6 1 9 1 14 2 3 1 6 1 9 1 14 3 3 1 6 1 9 1 14 4 3 1 6 1 9 1 14 5 3 1 6 1 9 1 14 6 3 1 6 1 9 1 14 7 2 1 2 1 4 3 12 2 14 2 2 1 4 3 12 2 14 3 3 3 4 3 13 1 14 4 3 3 4 3 13 1 14 5 3 3 4 3 13 1 14 6 2 1 4 3 12 2 14 7 1 1 2 1 8 1 14 2 2 1 8 1 14 3 2 1 8 1 14 4 3 3 8 1 14 5 3 3 8 1 14 6 3 3 13 2 14 7 5 1 3 1 6 1 13 1 14 2 3 1 6 1 13 1 14 3 3 1 6 1 13 1 14 4 3 1 6 1 13 1 14 5 3 1 6 1 13 1 14 6 3 1 6 1 13 1 14 7 7 2 4 1 4 1 6 1 7 3 3 1 1 1 2 1 5 2 2 1 6 2 5 4 3 1 6 3 1 4 2 1 2 1 2 3 4 5 6 7 3 1 2 3 4 5 6 7 4 3 3 2 2 1 1 4 3 2 3 1 3 3 4 3 3 2 1 3 2 3 3 1 4 3 4 2 2 4 1000,0 2 2 6 600,0 2 1 2 38,0 3 4 1 1 1 2 1 1 1 2 14 2 1 2 14 3 2 1 13 1 14 4 2 1 13 1 14 5 2 1 13 1 14 6 2 1 13 1 14 7 2 1 3 2 6 1 14 2 3 2 6 1 7 1 14 3 3 2 6 1 7 1 14 4 3 2 6 1 14 5 1 2 6 1 14 6 3 2 6 1 7 1 14 7 3 1 1 2 5 2 12 2 14 2 2 1 5 2 12 2 14 3 2 1 5 2 12 2 14 4 2 1 5 2 12 2 14 5 3 2 5 2 14 6 3 2 5 2 12 2 14 7 4 1 3 3 6 1 13 1 14 2 3 3 6 1 13 1 14 3 3 3 6 1 13 1 14 4 3 3 6 1 13 1 14 5 3 3 6 1 13 1 14 6 3 3 6 1 13 1 14 7 5 1 3 3 6 1 9 2 14 2 3 3 6 1 9 2 14 3 3 3 9 2 14 4 3 3 6 1 13 2 14 5 3 3 13 2 14 6 3 3 13 2 14 7 6 1 1 1 6 1 9 1 14 2 3 2 6 1 9 1 14 3 3 2 6 1 9 1 14 4 3 2 6 1 9 1 14 5 3 2 6 1 9 1 14 6 3 2 6 1 9 1 14 7 7 2 4 1 4 1 7 3 2 3 5 2 3 300,0 3 1 3 2 4 3 2 5 4 2 3 1 1 1 2 1 5 2 3 1 6 3 1 5 2 4 2 1 4 1,0 2 2 4 1000,0 2 2 6 1000,0 3 2 2 1 3 4 3 4 4 4 1 1 

17/12/2019 01:55:50 
 10 2 

18/12/2019 12:05:51 
 10 2 3 2 3 1 3 

18/12/2019 12:07:15 
 10 2 3 2 3 1 2 

19/12/2019 03:22:14 
 10 2 1 2 1 1 3 1 6 1 9 1 14 2 3 1 6 1 9 1 14 3 3 1 6 1 9 1 14 4 3 1 6 1 9 1 14 5 3 1 6 2 9 1 14 6 3 1 6 2 9 1 14 7 3 1 3 2 5 1 11 2 14 2 3 2 5 1 11 2 14 3 2 1 5 1 11 2 14 4 2 1 5 2 14 5 1 1 5 2 14 6 1 1 5 2 14 7 4 1 2 1 5 1 8 1 14 2 2 1 5 1 8 1 14 3 2 1 5 1 8 1 14 4 2 1 5 2 8 1 14 5 2 1 5 2 8 1 14 6 2 1 5 2 8 1 14 7 5 1 2 2 5 2 7 1 14 2 2 2 5 2 7 1 14 3 2 2 5 2 7 1 14 4 2 2 5 1 7 1 14 5 2 2 5 1 7 1 14 6 2 2 5 1 7 1 14 7 6 1 3 2 5 1 8 1 14 2 3 2 5 1 8 1 14 3 3 2 5 1 8 1 14 4 2 2 5 2 8 1 14 5 2 2 5 2 8 1 14 1 14 6 1 1 5 2 8 1 14 7 7 1 2 2 1 2 1 5 1 9 1 14 2 2 1 5 1 9 1 14 3 3 3 5 2 9 1 14 4 3 3 5 2 9 1 14 5 1 1 5 1 9 1 14 6 3 3 5 2 9 1 14 7 7 2 4 1 1 1 4 1 2 1 7 3 3 2 1 1 3 4 3 2 3 1 1 2 2 1 2 4 3 2 3 1 1 3 4 3 5 1 2 2 1 1 6 3 1 4 2 1 1 1 2 3 4 5 6 7 2 1 2 3 4 5 6 7 4 3 3 2 3 2 1 1 3 3 4 3 5 1 2 1 2 3 6 3 4 1 1 

19/12/2019 04:11:56 
 10 2 1 2 1 1 3 1 6 1 9 1 14 2 3 1 6 1 9 1 14 3 3 1 6 1 9 1 14 4 3 1 6 1 9 1 14 5 3 1 6 2 9 1 14 6 3 1 6 2 9 1 14 7 3 1 3 2 5 1 11 2 14 2 3 2 5 1 11 2 14 3 2 1 5 1 11 2 14 4 2 1 5 2 14 5 1 1 5 2 14 6 1 1 5 2 14 7 4 1 2 1 5 1 8 1 14 2 2 1 5 1 8 1 14 3 2 1 5 1 8 1 14 4 2 1 5 2 8 1 14 5 2 1 5 2 8 1 14 6 2 1 5 2 8 1 14 7 5 1 2 2 5 2 7 1 14 2 2 2 5 2 7 1 14 3 2 2 5 2 7 1 14 4 2 2 5 1 7 1 14 5 2 2 5 1 7 1 14 6 2 2 5 1 7 1 14 7 6 1 3 2 5 1 8 1 14 2 3 2 5 1 8 1 14 3 3 2 5 1 8 1 14 4 2 2 5 2 8 1 14 5 2 2 5 2 8 1 14 1 14 6 1 1 5 2 8 1 14 7 7 1 2 2 1 2 1 5 1 9 1 14 2 2 1 5 1 9 1 14 3 3 3 5 2 9 1 14 4 3 3 5 2 9 1 14 5 1 1 5 1 9 1 14 6 3 3 5 2 9 1 14 7 7 2 4 1 1 1 4 1 2 1 7 3 3 2 1 1 3 4 3 2 3 1 1 2 2 1 2 4 3 2 3 1 1 3 4 3 5 1 2 2 1 1 6 3 1 4 2 1 1 1 2 3 4 5 6 7 2 1 2 3 4 5 6 7 4 3 3 2 3 2 1 1 3 3 4 3 5 1 2 1 2 3 6 3 4 1 1 1 2 1 1 3 2 6 3 9 1 14 2 3 2 6 3 9 1 14 3 3 2 6 3 9 1 14 4 3 2 6 3 9 1 14 5 3 2 6 3 9 1 14 6 3 2 6 3 9 1 14 7 2 1 3 3 5 1 9 1 10 1 2 2 2 5 2 9 1 10 4 14 3 2 2 5 2 9 1 14 4 2 2 5 2 9 1 14 5 3 3 5 1 9 1 14 6 3 3 5 2 9 1 14 7 3 3 2 1 13 2 14 2 3 2 5 1 13 2 14 3 14 7 7 2 5 3 3 1 1 3 2 7 7 1 2 3 1 3 2 5 1 13 2 14 3 3 2 5 2 8 1 14 4 1 2 5 2 8 1 14 5 1 2 5 2 8 1 14 6 1 2 5 2 8 1 14 7 4 1 2 2 4 1 8 1 14 2 2 2 4 1 8 1 14 3 2 2 4 1 8 1 14 4 2 2 4 1 8 1 14 5 2 2 4 1 8 1 14 6 2 2 4 1 8 1 14 7 5 1 2 2 4 2 7 1 14 2 2 2 4 2 7 1 14 3 2 2 4 2 7 1 14 4 2 2 4 2 7 1 14 5 2 2 4 2 7 1 14 6 2 2 4 2 7 1 14 7 6 1 2 2 5 1 8 1 14 2 3 2 5 2 8 1 14 3 3 2 5 2 8 1 14 4 3 2 5 2 8 1 14 5 2 2 5 2 8 1 14 6 1 2 5 1 8 1 14 7 7 2 4 1 1 2 3 6 7 1 2 1 3 1 5 1 6 3 3 1 1 1 2 1 4 1 2 3 6 2 1 3 6 3 1 4 1 1 1 1 2 3 4 5 6 7 3 1 2 3 4 5 6 7 4 1 4 3 2 1 3 1 2 3 4 5 6 7 4 3 3 2 2 1 1 3 4 2 2 4 3 2 3 1 2 3 3 3 4 3 4 1 1 3 549,0 3 4 1 1 3 2 3 1 4 

19/12/2019 04:54:04 
 10 2 1 2 1 1 3 1 6 1 9 1 14 2 3 1 6 1 9 1 14 3 3 1 6 1 9 1 14 4 3 1 6 1 9 1 14 5 3 1 6 2 9 1 14 6 3 1 6 2 9 1 14 7 3 1 3 2 5 1 11 2 14 2 3 2 5 1 11 2 14 3 2 1 5 1 11 2 14 4 2 1 5 2 14 5 1 1 5 2 14 6 1 1 5 2 14 7 4 1 2 1 5 1 8 1 14 2 2 1 5 1 8 1 14 3 2 1 5 1 8 1 14 4 2 1 5 2 8 1 14 5 2 1 5 2 8 1 14 6 2 1 5 2 8 1 14 7 5 1 2 2 5 2 7 1 14 2 2 2 5 2 7 1 14 3 2 2 5 2 7 1 14 4 2 2 5 1 7 1 14 5 2 2 5 1 7 1 14 6 2 2 5 1 7 1 14 7 6 1 3 2 5 1 8 1 14 2 3 2 5 1 8 1 14 3 3 2 5 1 8 1 14 4 2 2 5 2 8 1 14 5 2 2 5 2 8 1 14 1 14 6 1 1 5 2 8 1 14 7 7 1 2 2 1 2 1 5 1 9 1 14 2 2 1 5 1 9 1 14 3 3 3 5 2 9 1 14 4 3 3 5 2 9 1 14 5 1 1 5 1 9 1 14 6 3 3 5 2 9 1 14 7 7 2 4 1 1 1 4 1 2 1 7 3 3 2 1 1 3 4 3 2 3 1 1 2 2 1 2 4 3 2 3 1 1 3 4 3 5 1 2 2 1 1 6 3 1 4 2 1 1 1 2 3 4 5 6 7 2 1 2 3 4 5 6 7 4 3 3 2 3 2 1 1 3 3 4 3 5 1 2 1 2 3 6 3 4 1 1 1 2 1 1 3 2 6 3 9 1 14 2 3 2 6 3 9 1 14 3 3 2 6 3 9 1 14 4 3 2 6 3 9 1 14 5 3 2 6 3 9 1 14 6 3 2 6 3 9 1 14 7 2 1 3 3 5 1 9 1 10 1 2 2 2 5 2 9 1 10 4 14 3 2 2 5 2 9 1 14 4 2 2 5 2 9 1 14 5 3 3 5 1 9 1 14 6 3 3 5 2 9 1 14 7 3 3 2 1 13 2 14 2 3 2 5 1 13 2 14 3 14 7 7 2 5 3 3 1 1 3 2 7 7 1 2 3 1 3 2 5 1 13 2 14 3 3 2 5 2 8 1 14 4 1 2 5 2 8 1 14 5 1 2 5 2 8 1 14 6 1 2 5 2 8 1 14 7 4 1 2 2 4 1 8 1 14 2 2 2 4 1 8 1 14 3 2 2 4 1 8 1 14 4 2 2 4 1 8 1 14 5 2 2 4 1 8 1 14 6 2 2 4 1 8 1 14 7 5 1 2 2 4 2 7 1 14 2 2 2 4 2 7 1 14 3 2 2 4 2 7 1 14 4 2 2 4 2 7 1 14 5 2 2 4 2 7 1 14 6 2 2 4 2 7 1 14 7 6 1 2 2 5 1 8 1 14 2 3 2 5 2 8 1 14 3 3 2 5 2 8 1 14 4 3 2 5 2 8 1 14 5 2 2 5 2 8 1 14 6 1 2 5 1 8 1 14 7 7 2 4 1 1 2 3 6 7 1 2 1 3 1 5 1 6 3 3 1 1 1 2 1 4 1 2 3 6 2 1 3 6 3 1 4 1 1 1 1 2 3 4 5 6 7 3 1 2 3 4 5 6 7 4 1 4 3 2 1 3 1 2 3 4 5 6 7 4 3 3 2 2 1 1 3 4 2 2 4 3 2 3 1 2 3 3 3 4 3 4 1 1 3 549,0 3 4 1 1 3 2 3 1 3 4 3 2 1 2 1 1 3 1 5 3 13 1 14 2 3 1 5 3 13 1 14 3 3 1 5 3 13 1 14 4 3 1 5 3 13 1 14 5 3 1 5 3 13 1 14 6 3 1 5 3 13 1 14 7 2 1 3 2 5 3 9 2 14 2 3 2 5 3 8 1 14 3 3 2 5 3 9 2 14 4 3 2 5 3 9 2 14 5 3 2 4 1 9 2 14 6 2 1 5 3 9 2 14 7 3 1 3 2 13 1 14 2 3 2 6 1 13 1 14 3 3 2 3 6 1 13 1 14 4 3 2 13 1 14 3 2 13 1 14 3 2 6 3 13 1 14 6 3 2 6 3 13 1 14 5 3 2 13 1 14 4 14 7 4 1 2 2 4 3 8 2 14 2 2 2 4 3 8 2 14 3 2 2 4 3 8 2 14 4 3 2 4 3 8 2 14 5 3 2 4 3 8 2 14 6 3 2 4 3 8 2 14 7 5 3 14 1 3 2 5 3 11 2 14 2 3 2 5 3 11 2 14 3 3 2 5 3 11 2 14 4 3 2 5 3 11 2 14 5 3 2 5 3 11 2 14 6 3 2 5 3 11 2 14 7 6 1 1 1 5 3 8 2 14 2 1 1 5 3 8 2 14 3 2 2 4 3 8 2 14 4 2 2 4 3 8 2 14 5 2 2 4 3 8 2 14 6 2 2 5 3 8 2 1 14 7 7 2 4 1 1 1 6 3 3 1 1 1 2 2 1 3 6 2 6 1 4 3 6 3 2 2 2 1 3 4 1 1 2 3 4 3 2 3 1 3 1 4 3 5 4 1 1 1 2 4 1 2 2 6 3 8 1 14 2 2 2 6 3 8 1 14 3 2 2 6 3 8 1 14 4 2 2 6 3 8 1 14 5 2 2 6 3 8 1 14 6 2 2 6 3 8 1 14 7 5 1 2 2 6 3 9 4 13 2 14 2 2 2 6 3 13 2 14 3 2 2 6 3 13 2 14 4 2 2 6 3 13 2 14 5 2 2 6 3 13 2 14 6 2 2 6 3 13 2 14 7 1 1 3 1 6 3 13 2 14 2 3 1 6 3 13 2 14 3 3 1 6 3 13 2 14 4 3 1 6 3 13 1 14 5 3 1 6 3 13 1 14 6 3 1 6 3 13 1 14 7 2 1 2 1 9 1 14 2 2 2 9 1 14 3 2 2 9 1 14 4 2 2 6 3 9 1 14 5 2 2 6 3 9 1 14 6 2 2 6 3 9 1 14 7 6 1 2 3 6 3 8 1 14 2 2 3 6 3 8 1 14 3 2 3 6 3 8 1 14 4 2 3 8 1 14 5 1 1 8 1 14 6 1 1 8 1 14 7 3 1 2 2 6 3 14 2 2 2 14 3 2 2 14 4 2 2 14 5 2 2 6 3 14 5 14 6 2 2 6 3 14 7 7 3 1 1 2 2 1 1 4 3 2 3 1 2 2 3 3 4 3 5 2 2 2 2 4 3 2 3 2 3 2 4 3 5 4 1 1 

27/12/2019 03:28:32 
 10 2 3 1 3 5 

27/12/2019 03:29:16 
 10 2 1 2 1 1 3 1 6 1 9 1 14 2 3 1 6 1 9 1 14 3 3 1 6 1 9 1 14 4 3 1 6 1 9 1 14 5 3 1 6 2 9 1 14 6 3 1 6 2 9 1 14 7 3 1 3 2 5 1 11 2 14 2 3 2 5 1 11 2 14 3 2 1 5 1 11 2 14 4 2 1 5 2 14 5 1 1 5 2 14 6 1 1 5 2 14 7 4 1 2 1 5 1 8 1 14 2 2 1 5 1 8 1 14 3 2 1 5 1 8 1 14 4 2 1 5 2 8 1 14 5 2 1 5 2 8 1 14 6 2 1 5 2 8 1 14 7 5 1 2 2 5 2 7 1 14 2 2 2 5 2 7 1 14 3 2 2 5 2 7 1 14 4 2 2 5 1 7 1 14 5 2 2 5 1 7 1 14 6 2 2 5 1 7 1 14 7 6 1 3 2 5 1 8 1 14 2 3 2 5 1 8 1 14 3 3 2 5 1 8 1 14 4 2 2 5 2 8 1 14 5 2 2 5 2 8 1 14 1 14 6 1 1 5 2 8 1 14 7 7 1 2 2 1 2 1 5 1 9 1 14 2 2 1 5 1 9 1 14 3 3 3 5 2 9 1 14 4 3 3 5 2 9 1 14 5 1 1 5 1 9 1 14 6 3 3 5 2 9 1 14 7 7 2 4 1 1 1 4 1 2 1 7 3 3 2 1 1 3 4 3 2 3 1 1 2 2 1 2 4 3 2 3 1 1 3 4 3 5 1 2 2 1 1 6 3 1 4 2 1 1 1 2 3 4 5 6 7 2 1 2 3 4 5 6 7 4 3 3 2 3 2 1 1 3 3 4 3 5 1 2 1 2 3 6 3 4 1 1 1 2 1 1 3 2 6 3 9 1 14 2 3 2 6 3 9 1 14 3 3 2 6 3 9 1 14 4 3 2 6 3 9 1 14 5 3 2 6 3 9 1 14 6 3 2 6 3 9 1 14 7 2 1 3 3 5 1 9 1 10 1 2 2 2 5 2 9 1 10 4 14 3 2 2 5 2 9 1 14 4 2 2 5 2 9 1 14 5 3 3 5 1 9 1 14 6 3 3 5 2 9 1 14 7 3 3 2 1 13 2 14 2 3 2 5 1 13 2 14 3 14 7 7 2 5 3 3 1 1 3 2 7 7 1 2 3 1 3 2 5 1 13 2 14 3 3 2 5 2 8 1 14 4 1 2 5 2 8 1 14 5 1 2 5 2 8 1 14 6 1 2 5 2 8 1 14 7 4 1 2 2 4 1 8 1 14 2 2 2 4 1 8 1 14 3 2 2 4 1 8 1 14 4 2 2 4 1 8 1 14 5 2 2 4 1 8 1 14 6 2 2 4 1 8 1 14 7 5 1 2 2 4 2 7 1 14 2 2 2 4 2 7 1 14 3 2 2 4 2 7 1 14 4 2 2 4 2 7 1 14 5 2 2 4 2 7 1 14 6 2 2 4 2 7 1 14 7 6 1 2 2 5 1 8 1 14 2 3 2 5 2 8 1 14 3 3 2 5 2 8 1 14 4 3 2 5 2 8 1 14 5 2 2 5 2 8 1 14 6 1 2 5 1 8 1 14 7 7 2 4 1 1 2 3 6 7 1 2 1 3 1 5 1 6 3 3 1 1 1 2 1 4 1 2 3 6 2 1 3 6 3 1 4 1 1 1 1 2 3 4 5 6 7 3 1 2 3 4 5 6 7 4 1 4 3 2 1 3 1 2 3 4 5 6 7 4 3 3 2 2 1 1 3 4 2 2 4 3 2 3 1 2 3 3 3 4 3 4 1 1 3 549,0 3 4 1 1 3 2 3 1 3 4 3 2 1 2 1 1 3 1 5 3 13 1 14 2 3 1 5 3 13 1 14 3 3 1 5 3 13 1 14 4 3 1 5 3 13 1 14 5 3 1 5 3 13 1 14 6 3 1 5 3 13 1 14 7 2 1 3 2 5 3 9 2 14 2 3 2 5 3 8 1 14 3 3 2 5 3 9 2 14 4 3 2 5 3 9 2 14 5 3 2 4 1 9 2 14 6 2 1 5 3 9 2 14 7 3 1 3 2 13 1 14 2 3 2 6 1 13 1 14 3 3 2 3 6 1 13 1 14 4 3 2 13 1 14 3 2 13 1 14 3 2 6 3 13 1 14 6 3 2 6 3 13 1 14 5 3 2 13 1 14 4 14 7 4 1 2 2 4 3 8 2 14 2 2 2 4 3 8 2 14 3 2 2 4 3 8 2 14 4 3 2 4 3 8 2 14 5 3 2 4 3 8 2 14 6 3 2 4 3 8 2 14 7 5 3 14 1 3 2 5 3 11 2 14 2 3 2 5 3 11 2 14 3 3 2 5 3 11 2 14 4 3 2 5 3 11 2 14 5 3 2 5 3 11 2 14 6 3 2 5 3 11 2 14 7 6 1 1 1 5 3 8 2 14 2 1 1 5 3 8 2 14 3 2 2 4 3 8 2 14 4 2 2 4 3 8 2 14 5 2 2 4 3 8 2 14 6 2 2 5 3 8 2 1 14 7 7 2 4 1 1 1 6 3 3 1 1 1 2 2 1 3 6 2 6 1 4 3 6 3 2 2 2 1 3 4 1 1 2 3 4 3 2 3 1 3 1 4 3 5 4 1 1 1 2 4 1 2 2 6 3 8 1 14 2 2 2 6 3 8 1 14 3 2 2 6 3 8 1 14 4 2 2 6 3 8 1 14 5 2 2 6 3 8 1 14 6 2 2 6 3 8 1 14 7 5 1 2 2 6 3 9 4 13 2 14 2 2 2 6 3 13 2 14 3 2 2 6 3 13 2 14 4 2 2 6 3 13 2 14 5 2 2 6 3 13 2 14 6 2 2 6 3 13 2 14 7 1 1 3 1 6 3 13 2 14 2 3 1 6 3 13 2 14 3 3 1 6 3 13 2 14 4 3 1 6 3 13 1 14 5 3 1 6 3 13 1 14 6 3 1 6 3 13 1 14 7 2 1 2 1 9 1 14 2 2 2 9 1 14 3 2 2 9 1 14 4 2 2 6 3 9 1 14 5 2 2 6 3 9 1 14 6 2 2 6 3 9 1 14 7 6 1 2 3 6 3 8 1 14 2 2 3 6 3 8 1 14 3 2 3 6 3 8 1 14 4 2 3 8 1 14 5 1 1 8 1 14 6 1 1 8 1 14 7 3 1 2 2 6 3 14 2 2 2 14 3 2 2 14 4 2 2 14 5 2 2 6 3 14 5 14 6 2 2 6 3 14 7 7 3 1 1 2 2 1 1 4 3 2 3 1 2 2 3 3 4 3 5 2 2 2 2 4 3 2 3 2 3 2 4 3 5 4 1 1 

27/12/2019 05:37:02 
 10 2 1 2 1 1 3 1 6 1 9 1 14 2 3 1 6 1 9 1 14 3 3 1 6 1 9 1 14 4 3 1 6 1 9 1 14 5 3 1 6 2 9 1 14 6 3 1 6 2 9 1 14 7 3 1 3 2 5 1 11 2 14 2 3 2 5 1 11 2 14 3 2 1 5 1 11 2 14 4 2 1 5 2 14 5 1 1 5 2 14 6 1 1 5 2 14 7 4 1 2 1 5 1 8 1 14 2 2 1 5 1 8 1 14 3 2 1 5 1 8 1 14 4 2 1 5 2 8 1 14 5 2 1 5 2 8 1 14 6 2 1 5 2 8 1 14 7 5 1 2 2 5 2 7 1 14 2 2 2 5 2 7 1 14 3 2 2 5 2 7 1 14 4 2 2 5 1 7 1 14 5 2 2 5 1 7 1 14 6 2 2 5 1 7 1 14 7 6 1 3 2 5 1 8 1 14 2 3 2 5 1 8 1 14 3 3 2 5 1 8 1 14 4 2 2 5 2 8 1 14 5 2 2 5 2 8 1 14 1 14 6 1 1 5 2 8 1 14 7 7 1 2 2 1 2 1 5 1 9 1 14 2 2 1 5 1 9 1 14 3 3 3 5 2 9 1 14 4 3 3 5 2 9 1 14 5 1 1 5 1 9 1 14 6 3 3 5 2 9 1 14 7 7 2 4 1 1 1 4 1 2 1 7 3 3 2 1 1 3 4 3 2 3 1 1 

27/12/2019 07:54:53 
 10 2 1 2 1 1 3 1 6 1 9 1 14 2 3 1 6 1 9 1 14 3 3 1 6 1 9 1 14 4 3 1 6 1 9 1 14 5 3 1 6 2 9 1 14 6 3 1 6 2 9 1 14 7 3 1 3 2 5 1 11 2 14 2 3 2 5 1 11 2 14 3 2 1 5 1 11 2 14 4 2 1 5 2 14 5 1 1 5 2 14 6 1 1 5 2 14 7 4 1 2 1 5 1 8 1 14 2 2 1 5 1 8 1 14 3 2 1 5 1 8 1 14 4 2 1 5 2 8 1 14 5 2 1 5 2 8 1 14 6 2 1 5 2 8 1 14 7 5 1 2 2 5 2 7 1 14 2 2 2 5 2 7 1 14 3 2 2 5 2 7 1 14 4 2 2 5 1 7 1 14 5 2 2 5 1 7 1 14 6 2 2 5 1 7 1 14 7 6 1 3 2 5 1 8 1 14 2 3 2 5 1 8 1 14 3 3 2 5 1 8 1 14 4 2 2 5 2 8 1 14 5 2 2 5 2 8 1 14 1 14 6 1 1 5 2 8 1 14 7 7 1 2 2 1 2 1 5 1 9 1 14 2 2 1 5 1 9 1 14 3 3 3 5 2 9 1 14 4 3 3 5 2 9 1 14 5 1 1 5 1 9 1 14 6 3 3 5 2 9 1 14 7 7 2 4 1 1 1 4 1 2 1 7 3 3 2 1 1 3 4 3 2 3 1 1 

27/12/2019 08:59:43 
 10 2 1 2 1 1 3 1 6 1 9 1 14 2 3 1 6 1 9 1 14 3 3 1 6 1 9 1 14 4 3 1 6 1 9 1 14 5 3 1 6 2 9 1 14 6 3 1 6 2 9 1 14 7 3 1 3 2 5 1 11 2 14 2 3 2 5 1 11 2 14 3 2 1 5 1 11 2 14 4 2 1 5 2 14 5 1 1 5 2 14 6 1 1 5 2 14 7 4 1 2 1 5 1 8 1 14 2 2 1 5 1 8 1 14 3 2 1 5 1 8 1 14 4 2 1 5 2 8 1 14 5 2 1 5 2 8 1 14 6 2 1 5 2 8 1 14 7 5 1 2 2 5 2 7 1 14 2 2 2 5 2 7 1 14 3 2 2 5 2 7 1 14 4 2 2 5 1 7 1 14 5 2 2 5 1 7 1 14 6 2 2 5 1 7 1 14 7 6 1 3 2 5 1 8 1 14 2 3 2 5 1 8 1 14 3 3 2 5 1 8 1 14 4 2 2 5 2 8 1 14 5 2 2 5 2 8 1 14 1 14 6 1 1 5 2 8 1 14 7 7 1 2 2 1 2 1 5 1 9 1 14 2 2 1 5 1 9 1 14 3 3 3 5 2 9 1 14 4 3 3 5 2 9 1 14 5 1 1 5 1 9 1 14 6 3 3 5 2 9 1 14 7 7 2 4 1 1 1 4 1 2 1 7 3 3 2 1 1 3 4 3 2 3 1 1 

27/12/2019 09:02:41 
 10 2 1 2 1 1 3 1 6 1 9 1 14 2 3 1 6 1 9 1 14 3 3 1 6 1 9 1 14 4 3 1 6 1 9 1 14 5 3 1 6 2 9 1 14 6 3 1 6 2 9 1 14 7 3 1 3 2 5 1 11 2 14 2 3 2 5 1 11 2 14 3 2 1 5 1 11 2 14 4 2 1 5 2 14 5 1 1 5 2 14 6 1 1 5 2 14 7 4 1 2 1 5 1 8 1 14 2 2 1 5 1 8 1 14 3 2 1 5 1 8 1 14 4 2 1 5 2 8 1 14 5 2 1 5 2 8 1 14 6 2 1 5 2 8 1 14 7 5 1 2 2 5 2 7 1 14 2 2 2 5 2 7 1 14 3 2 2 5 2 7 1 14 4 2 2 5 1 7 1 14 5 2 2 5 1 7 1 14 6 2 2 5 1 7 1 14 7 6 1 3 2 5 1 8 1 14 2 3 2 5 1 8 1 14 3 3 2 5 1 8 1 14 4 2 2 5 2 8 1 14 5 2 2 5 2 8 1 14 1 14 6 1 1 5 2 8 1 14 7 7 1 2 2 1 2 1 5 1 9 1 14 2 2 1 5 1 9 1 14 3 3 3 5 2 9 1 14 4 3 3 5 2 9 1 14 5 1 1 5 1 9 1 14 6 3 3 5 2 9 1 14 7 7 2 4 1 1 1 4 1 2 1 7 3 3 2 1 1 3 4 3 2 3 1 1 

27/12/2019 09:04:25 
 10 2 3 2 1 2 1 1 1 1 1 3 1 2 1 120,0 

27/12/2019 09:13:41 
 10 2 3 2 1 1 1 1 1 1 1 3 1 2 1 120,0 

27/12/2019 09:20:29 
 10 2 3 2 1 1 1 1 1 1 1 3 1 2 1 120,0 

27/12/2019 09:22:05 
 

27/12/2019 09:22:22 
 10 2 1 2 1 1 3 1 6 1 9 1 14 2 3 1 6 1 9 1 14 3 3 1 6 1 9 1 14 4 3 1 6 1 9 1 14 5 3 1 6 2 9 1 14 6 3 1 6 2 9 1 14 7 3 1 3 2 5 1 11 2 14 2 3 2 5 1 11 2 14 3 2 1 5 1 11 2 14 4 2 1 5 2 14 5 1 1 5 2 14 6 1 1 5 2 14 7 4 1 2 1 5 1 8 1 14 2 2 1 5 1 8 1 14 3 2 1 5 1 8 1 14 4 2 1 5 2 8 1 14 5 2 1 5 2 8 1 14 6 2 1 5 2 8 1 14 7 5 1 2 2 5 2 7 1 14 2 2 2 5 2 7 1 14 3 2 2 5 2 7 1 14 4 2 2 5 1 7 1 14 5 2 2 5 1 7 1 14 6 2 2 5 1 7 1 14 7 6 1 3 2 5 1 8 1 14 2 3 2 5 1 8 1 14 3 3 2 5 1 8 1 14 4 2 2 5 2 8 1 14 5 2 2 5 2 8 1 14 1 14 6 1 1 5 2 8 1 14 7 7 1 2 2 1 2 1 5 1 9 1 14 2 2 1 5 1 9 1 14 3 3 3 5 2 9 1 14 4 3 3 5 2 9 1 14 5 1 1 5 1 9 1 14 6 3 3 5 2 9 1 14 7 7 2 4 1 1 1 4 1 2 1 7 3 3 2 1 1 3 4 3 2 3 1 1 

27/12/2019 09:24:14 
 10 2 

27/12/2019 09:26:23 
 10 2 1 2 1 1 3 1 6 1 9 1 14 2 3 1 6 1 9 1 14 3 3 1 6 1 9 1 14 4 3 1 6 1 9 1 14 5 3 1 6 2 9 1 14 6 3 1 6 2 9 1 14 7 3 1 3 2 5 1 11 2 14 2 3 2 5 1 11 2 14 3 2 1 5 1 11 2 14 4 2 1 5 2 14 5 1 1 5 2 14 6 1 1 5 2 14 7 4 1 2 1 5 1 8 1 14 2 2 1 5 1 8 1 14 3 2 1 5 1 8 1 14 4 2 1 5 2 8 1 14 5 2 1 5 2 8 1 14 6 2 1 5 2 8 1 14 7 5 1 2 2 5 2 7 1 14 2 2 2 5 2 7 1 14 3 2 2 5 2 7 1 14 4 2 2 5 1 7 1 14 5 2 2 5 1 7 1 14 6 2 2 5 1 7 1 14 7 6 1 3 2 5 1 8 1 14 2 3 2 5 1 8 1 14 3 3 2 5 1 8 1 14 4 2 2 5 2 8 1 14 5 2 2 5 2 8 1 14 1 14 6 1 1 5 2 8 1 14 7 7 1 2 2 1 2 1 5 1 9 1 14 2 2 1 5 1 9 1 14 3 3 3 5 2 9 1 14 4 3 3 5 2 9 1 14 5 1 1 5 1 9 1 14 6 3 3 5 2 9 1 14 7 7 2 4 1 1 1 4 1 2 1 7 3 3 2 1 1 3 4 3 2 3 1 1 2 2 1 2 4 3 2 3 1 1 3 4 3 5 1 2 2 1 1 6 3 1 4 2 1 1 1 2 3 4 5 6 7 2 1 2 3 4 5 6 7 4 3 3 2 3 2 1 1 3 3 4 3 5 1 2 1 2 3 6 3 4 1 1 1 2 1 1 3 2 6 3 9 1 14 2 3 2 6 3 9 1 14 3 3 2 6 3 9 1 14 4 3 2 6 3 9 1 14 5 3 2 6 3 9 1 14 6 3 2 6 3 9 1 14 7 2 1 3 3 5 1 9 1 10 1 2 2 2 5 2 9 1 10 4 14 3 2 2 5 2 9 1 14 4 2 2 5 2 9 1 14 5 3 3 5 1 9 1 14 6 3 3 5 2 9 1 14 7 3 3 2 1 13 2 14 2 3 2 5 1 13 2 14 3 14 7 7 2 5 3 3 1 1 3 2 7 7 1 2 3 1 3 2 5 1 13 2 14 3 3 2 5 2 8 1 14 4 1 2 5 2 8 1 14 5 1 2 5 2 8 1 14 6 1 2 5 2 8 1 14 7 4 1 2 2 4 1 8 1 14 2 2 2 4 1 8 1 14 3 2 2 4 1 8 1 14 4 2 2 4 1 8 1 14 5 2 2 4 1 8 1 14 6 2 2 4 1 8 1 14 7 5 1 2 2 4 2 7 1 14 2 2 2 4 2 7 1 14 3 2 2 4 2 7 1 14 4 2 2 4 2 7 1 14 5 2 2 4 2 7 1 14 6 2 2 4 2 7 1 14 7 6 1 2 2 5 1 8 1 14 2 3 2 5 2 8 1 14 3 3 2 5 2 8 1 14 4 3 2 5 2 8 1 14 5 2 2 5 2 8 1 14 6 1 2 5 1 8 1 14 7 7 2 4 1 1 2 3 6 7 1 2 1 3 1 5 1 6 3 3 1 1 1 2 1 4 1 2 3 6 2 1 3 6 3 1 4 1 1 1 1 2 3 4 5 6 7 3 1 2 3 4 5 6 7 4 1 4 3 2 1 3 1 2 3 4 5 6 7 4 3 3 2 2 1 1 3 4 2 2 4 3 2 3 1 2 3 3 3 4 3 4 1 1 3 549,0 3 4 1 1 3 2 3 1 3 4 3 2 1 2 1 1 3 1 5 3 13 1 14 2 3 1 5 3 13 1 14 3 3 1 5 3 13 1 14 4 3 1 5 3 13 1 14 5 3 1 5 3 13 1 14 6 3 1 5 3 13 1 14 7 2 1 3 2 5 3 9 2 14 2 3 2 5 3 8 1 14 3 3 2 5 3 9 2 14 4 3 2 5 3 9 2 14 5 3 2 4 1 9 2 14 6 2 1 5 3 9 2 14 7 3 1 3 2 13 1 14 2 3 2 6 1 13 1 14 3 3 2 3 6 1 13 1 14 4 3 2 13 1 14 3 2 13 1 14 3 2 6 3 13 1 14 6 3 2 6 3 13 1 14 5 3 2 13 1 14 4 14 7 4 1 2 2 4 3 8 2 14 2 2 2 4 3 8 2 14 3 2 2 4 3 8 2 14 4 3 2 4 3 8 2 14 5 3 2 4 3 8 2 14 6 3 2 4 3 8 2 14 7 5 3 14 1 3 2 5 3 11 2 14 2 3 2 5 3 11 2 14 3 3 2 5 3 11 2 14 4 3 2 5 3 11 2 14 5 3 2 5 3 11 2 14 6 3 2 5 3 11 2 14 7 6 1 1 1 5 3 8 2 14 2 1 1 5 3 8 2 14 3 2 2 4 3 8 2 14 4 2 2 4 3 8 2 14 5 2 2 4 3 8 2 14 6 2 2 5 3 8 2 1 14 7 7 2 4 1 1 1 6 3 3 1 1 1 2 2 1 3 6 2 6 1 4 3 6 3 2 2 2 1 3 4 1 1 2 3 4 3 2 3 1 3 1 4 3 5 4 1 1 1 2 4 1 2 2 6 3 8 1 14 2 2 2 6 3 8 1 14 3 2 2 6 3 8 1 14 4 2 2 6 3 8 1 14 5 2 2 6 3 8 1 14 6 2 2 6 3 8 1 14 7 5 1 2 2 6 3 9 4 13 2 14 2 2 2 6 3 13 2 14 3 2 2 6 3 13 2 14 4 2 2 6 3 13 2 14 5 2 2 6 3 13 2 14 6 2 2 6 3 13 2 14 7 1 1 3 1 6 3 13 2 14 2 3 1 6 3 13 2 14 3 3 1 6 3 13 2 14 4 3 1 6 3 13 1 14 5 3 1 6 3 13 1 14 6 3 1 6 3 13 1 14 7 2 1 2 1 9 1 14 2 2 2 9 1 14 3 2 2 9 1 14 4 2 2 6 3 9 1 14 5 2 2 6 3 9 1 14 6 2 2 6 3 9 1 14 7 6 1 2 3 6 3 8 1 14 2 2 3 6 3 8 1 14 3 2 3 6 3 8 1 14 4 2 3 8 1 14 5 1 1 8 1 14 6 1 1 8 1 14 7 3 1 2 2 6 3 14 2 2 2 14 3 2 2 14 4 2 2 14 5 2 2 6 3 14 5 14 6 2 2 6 3 14 7 7 3 1 1 2 2 1 1 4 3 2 3 1 2 2 3 3 4 3 5 2 2 2 2 4 3 2 3 2 3 2 4 3 5 4 1 1 

27/12/2019 09:28:57 
 10 2 1 2 1 1 3 1 6 1 9 1 14 2 3 1 6 1 9 1 14 3 3 1 6 1 9 1 14 4 3 1 6 1 9 1 14 5 3 1 6 2 9 1 14 6 3 1 6 2 9 1 14 7 3 1 3 2 5 1 11 2 14 2 3 2 5 1 11 2 14 3 2 1 5 1 11 2 14 4 2 1 5 2 14 5 1 1 5 2 14 6 1 1 5 2 14 7 4 1 2 1 5 1 8 1 14 2 2 1 5 1 8 1 14 3 2 1 5 1 8 1 14 4 2 1 5 2 8 1 14 5 2 1 5 2 8 1 14 6 2 1 5 2 8 1 14 7 5 1 2 2 5 2 7 1 14 2 2 2 5 2 7 1 14 3 2 2 5 2 7 1 14 4 2 2 5 1 7 1 14 5 2 2 5 1 7 1 14 6 2 2 5 1 7 1 14 7 6 1 3 2 5 1 8 1 14 2 3 2 5 1 8 1 14 3 3 2 5 1 8 1 14 4 2 2 5 2 8 1 14 5 2 2 5 2 8 1 14 1 14 6 1 1 5 2 8 1 14 7 7 1 2 2 1 2 1 5 1 9 1 14 2 2 1 5 1 9 1 14 3 3 3 5 2 9 1 14 4 3 3 5 2 9 1 14 5 1 1 5 1 9 1 14 6 3 3 5 2 9 1 14 7 7 2 4 1 1 1 4 1 2 1 7 3 3 2 1 1 3 4 3 2 3 1 1 2 2 1 2 4 3 2 3 1 1 3 4 3 5 1 2 2 1 1 6 3 1 4 2 1 1 1 2 3 4 5 6 7 2 1 2 3 4 5 6 7 4 3 3 2 3 2 1 1 3 3 4 3 5 1 2 1 2 3 6 3 4 1 1 1 2 1 1 3 2 6 3 9 1 14 2 3 2 6 3 9 1 14 3 3 2 6 3 9 1 14 4 3 2 6 3 9 1 14 5 3 2 6 3 9 1 14 6 3 2 6 3 9 1 14 7 2 1 3 3 5 1 9 1 10 1 2 2 2 5 2 9 1 10 4 14 3 2 2 5 2 9 1 14 4 2 2 5 2 9 1 14 5 3 3 5 1 9 1 14 6 3 3 5 2 9 1 14 7 3 3 2 1 13 2 14 2 3 2 5 1 13 2 14 3 14 7 7 2 5 3 3 1 1 3 2 7 7 1 2 3 1 3 2 5 1 13 2 14 3 3 2 5 2 8 1 14 4 1 2 5 2 8 1 14 5 1 2 5 2 8 1 14 6 1 2 5 2 8 1 14 7 4 1 2 2 4 1 8 1 14 2 2 2 4 1 8 1 14 3 2 2 4 1 8 1 14 4 2 2 4 1 8 1 14 5 2 2 4 1 8 1 14 6 2 2 4 1 8 1 14 7 5 1 2 2 4 2 7 1 14 2 2 2 4 2 7 1 14 3 2 2 4 2 7 1 14 4 2 2 4 2 7 1 14 5 2 2 4 2 7 1 14 6 2 2 4 2 7 1 14 7 6 1 2 2 5 1 8 1 14 2 3 2 5 2 8 1 14 3 3 2 5 2 8 1 14 4 3 2 5 2 8 1 14 5 2 2 5 2 8 1 14 6 1 2 5 1 8 1 14 7 7 2 4 1 1 2 3 6 7 1 2 1 3 1 5 1 6 3 3 1 1 1 2 1 4 1 2 3 6 2 1 3 6 3 1 4 1 1 1 1 2 3 4 5 6 7 3 1 2 3 4 5 6 7 4 1 4 3 2 1 3 1 2 3 4 5 6 7 4 3 3 2 2 1 1 3 4 2 2 4 3 2 3 1 2 3 3 3 4 3 4 1 1 3 549,0 3 4 1 1 3 2 3 1 3 4 3 2 1 2 1 1 3 1 5 3 13 1 14 2 3 1 5 3 13 1 14 3 3 1 5 3 13 1 14 4 3 1 5 3 13 1 14 5 3 1 5 3 13 1 14 6 3 1 5 3 13 1 14 7 2 1 3 2 5 3 9 2 14 2 3 2 5 3 8 1 14 3 3 2 5 3 9 2 14 4 3 2 5 3 9 2 14 5 3 2 4 1 9 2 14 6 2 1 5 3 9 2 14 7 3 1 3 2 13 1 14 2 3 2 6 1 13 1 14 3 3 2 3 6 1 13 1 14 4 3 2 13 1 14 3 2 13 1 14 3 2 6 3 13 1 14 6 3 2 6 3 13 1 14 5 3 2 13 1 14 4 14 7 4 1 2 2 4 3 8 2 14 2 2 2 4 3 8 2 14 3 2 2 4 3 8 2 14 4 3 2 4 3 8 2 14 5 3 2 4 3 8 2 14 6 3 2 4 3 8 2 14 7 5 3 14 1 3 2 5 3 11 2 14 2 3 2 5 3 11 2 14 3 3 2 5 3 11 2 14 4 3 2 5 3 11 2 14 5 3 2 5 3 11 2 14 6 3 2 5 3 11 2 14 7 6 1 1 1 5 3 8 2 14 2 1 1 5 3 8 2 14 3 2 2 4 3 8 2 14 4 2 2 4 3 8 2 14 5 2 2 4 3 8 2 14 6 2 2 5 3 8 2 1 14 7 7 2 4 1 1 1 6 3 3 1 1 1 2 2 1 3 6 2 6 1 4 3 6 3 2 2 2 1 3 4 1 1 2 3 4 3 2 3 1 3 1 4 3 5 4 1 1 1 2 4 1 2 2 6 3 8 1 14 2 2 2 6 3 8 1 14 3 2 2 6 3 8 1 14 4 2 2 6 3 8 1 14 5 2 2 6 3 8 1 14 6 2 2 6 3 8 1 14 7 5 1 2 2 6 3 9 4 13 2 14 2 2 2 6 3 13 2 14 3 2 2 6 3 13 2 14 4 2 2 6 3 13 2 14 5 2 2 6 3 13 2 14 6 2 2 6 3 13 2 14 7 1 1 3 1 6 3 13 2 14 2 3 1 6 3 13 2 14 3 3 1 6 3 13 2 14 4 3 1 6 3 13 1 14 5 3 1 6 3 13 1 14 6 3 1 6 3 13 1 14 7 2 1 2 1 9 1 14 2 2 2 9 1 14 3 2 2 9 1 14 4 2 2 6 3 9 1 14 5 2 2 6 3 9 1 14 6 2 2 6 3 9 1 14 7 6 1 2 3 6 3 8 1 14 2 2 3 6 3 8 1 14 3 2 3 6 3 8 1 14 4 2 3 8 1 14 5 1 1 8 1 14 6 1 1 8 1 14 7 3 1 2 2 6 3 14 2 2 2 14 3 2 2 14 4 2 2 14 5 2 2 6 3 14 5 14 6 2 2 6 3 14 7 7 3 1 1 2 2 1 1 4 3 2 3 1 2 2 3 3 4 3 5 2 2 2 2 4 3 2 3 2 3 2 4 3 5 4 1 1 

27/12/2019 09:30:31 
 10 2 1 2 1 1 3 1 6 1 9 1 14 2 3 1 6 1 9 1 14 3 3 1 6 1 9 1 14 4 3 1 6 1 9 1 14 5 3 1 6 2 9 1 14 6 3 1 6 2 9 1 14 7 3 1 3 2 5 1 11 2 14 2 3 2 5 1 11 2 14 3 2 1 5 1 11 2 14 4 2 1 5 2 14 5 1 1 5 2 14 6 1 1 5 2 14 7 4 1 2 1 5 1 8 1 14 2 2 1 5 1 8 1 14 3 2 1 5 1 8 1 14 4 2 1 5 2 8 1 14 5 2 1 5 2 8 1 14 6 2 1 5 2 8 1 14 7 5 1 2 2 5 2 7 1 14 2 2 2 5 2 7 1 14 3 2 2 5 2 7 1 14 4 2 2 5 1 7 1 14 5 2 2 5 1 7 1 14 6 2 2 5 1 7 1 14 7 6 1 3 2 5 1 8 1 14 2 3 2 5 1 8 1 14 3 3 2 5 1 8 1 14 4 2 2 5 2 8 1 14 5 2 2 5 2 8 1 14 1 14 6 1 1 5 2 8 1 14 7 7 1 2 2 1 2 1 5 1 9 1 14 2 2 1 5 1 9 1 14 3 3 3 5 2 9 1 14 4 3 3 5 2 9 1 14 5 1 1 5 1 9 1 14 6 3 3 5 2 9 1 14 7 7 2 4 1 1 1 4 1 2 1 7 3 3 2 1 1 3 4 3 2 3 1 1 2 2 1 2 4 3 2 3 1 1 3 4 3 5 1 2 2 1 1 6 3 1 4 2 1 1 1 2 3 4 5 6 7 2 1 2 3 4 5 6 7 4 3 3 2 3 2 1 1 3 3 4 3 5 1 2 1 2 3 6 3 4 1 1 1 2 1 1 3 2 6 3 9 1 14 2 3 2 6 3 9 1 14 3 3 2 6 3 9 1 14 4 3 2 6 3 9 1 14 5 3 2 6 3 9 1 14 6 3 2 6 3 9 1 14 7 2 1 3 3 5 1 9 1 10 1 2 2 2 5 2 9 1 10 4 14 3 2 2 5 2 9 1 14 4 2 2 5 2 9 1 14 5 3 3 5 1 9 1 14 6 3 3 5 2 9 1 14 7 3 3 2 1 13 2 14 2 3 2 5 1 13 2 14 3 14 7 7 2 5 3 3 1 1 3 2 7 7 1 2 3 1 3 2 5 1 13 2 14 3 3 2 5 2 8 1 14 4 1 2 5 2 8 1 14 5 1 2 5 2 8 1 14 6 1 2 5 2 8 1 14 7 4 1 2 2 4 1 8 1 14 2 2 2 4 1 8 1 14 3 2 2 4 1 8 1 14 4 2 2 4 1 8 1 14 5 2 2 4 1 8 1 14 6 2 2 4 1 8 1 14 7 5 1 2 2 4 2 7 1 14 2 2 2 4 2 7 1 14 3 2 2 4 2 7 1 14 4 2 2 4 2 7 1 14 5 2 2 4 2 7 1 14 6 2 2 4 2 7 1 14 7 6 1 2 2 5 1 8 1 14 2 3 2 5 2 8 1 14 3 3 2 5 2 8 1 14 4 3 2 5 2 8 1 14 5 2 2 5 2 8 1 14 6 1 2 5 1 8 1 14 7 7 2 4 1 1 2 3 6 7 1 2 1 3 1 5 1 6 3 3 1 1 1 2 1 4 1 2 3 6 2 1 3 6 3 1 4 1 1 1 1 2 3 4 5 6 7 3 1 2 3 4 5 6 7 4 1 4 3 2 1 3 1 2 3 4 5 6 7 4 3 3 2 2 1 1 3 4 2 2 4 3 2 3 1 2 3 3 3 4 3 4 1 1 3 549,0 3 4 1 1 3 2 3 1 3 4 3 2 1 2 1 1 3 1 5 3 13 1 14 2 3 1 5 3 13 1 14 3 3 1 5 3 13 1 14 4 3 1 5 3 13 1 14 5 3 1 5 3 13 1 14 6 3 1 5 3 13 1 14 7 2 1 3 2 5 3 9 2 14 2 3 2 5 3 8 1 14 3 3 2 5 3 9 2 14 4 3 2 5 3 9 2 14 5 3 2 4 1 9 2 14 6 2 1 5 3 9 2 14 7 3 1 3 2 13 1 14 2 3 2 6 1 13 1 14 3 3 2 3 6 1 13 1 14 4 3 2 13 1 14 3 2 13 1 14 3 2 6 3 13 1 14 6 3 2 6 3 13 1 14 5 3 2 13 1 14 4 14 7 4 1 2 2 4 3 8 2 14 2 2 2 4 3 8 2 14 3 2 2 4 3 8 2 14 4 3 2 4 3 8 2 14 5 3 2 4 3 8 2 14 6 3 2 4 3 8 2 14 7 5 3 14 1 3 2 5 3 11 2 14 2 3 2 5 3 11 2 14 3 3 2 5 3 11 2 14 4 3 2 5 3 11 2 14 5 3 2 5 3 11 2 14 6 3 2 5 3 11 2 14 7 6 1 1 1 5 3 8 2 14 2 1 1 5 3 8 2 14 3 2 2 4 3 8 2 14 4 2 2 4 3 8 2 14 5 2 2 4 3 8 2 14 6 2 2 5 3 8 2 1 14 7 7 2 4 1 1 1 6 3 3 1 1 1 2 2 1 3 6 2 6 1 4 3 6 3 2 2 2 1 3 4 1 1 2 3 4 3 2 3 1 3 1 4 3 5 4 1 1 1 2 4 1 2 2 6 3 8 1 14 2 2 2 6 3 8 1 14 3 2 2 6 3 8 1 14 4 2 2 6 3 8 1 14 5 2 2 6 3 8 1 14 6 2 2 6 3 8 1 14 7 5 1 2 2 6 3 9 4 13 2 14 2 2 2 6 3 13 2 14 3 2 2 6 3 13 2 14 4 2 2 6 3 13 2 14 5 2 2 6 3 13 2 14 6 2 2 6 3 13 2 14 7 1 1 3 1 6 3 13 2 14 2 3 1 6 3 13 2 14 3 3 1 6 3 13 2 14 4 3 1 6 3 13 1 14 5 3 1 6 3 13 1 14 6 3 1 6 3 13 1 14 7 2 1 2 1 9 1 14 2 2 2 9 1 14 3 2 2 9 1 14 4 2 2 6 3 9 1 14 5 2 2 6 3 9 1 14 6 2 2 6 3 9 1 14 7 6 1 2 3 6 3 8 1 14 2 2 3 6 3 8 1 14 3 2 3 6 3 8 1 14 4 2 3 8 1 14 5 1 1 8 1 14 6 1 1 8 1 14 7 3 1 2 2 6 3 14 2 2 2 14 3 2 2 14 4 2 2 14 5 2 2 6 3 14 5 14 6 2 2 6 3 14 7 7 3 1 1 2 2 1 1 4 3 2 3 1 2 2 3 3 4 3 5 2 2 2 2 4 3 2 3 2 3 2 4 3 5 4 1 1 

27/12/2019 09:31:52 
 10 2 1 2 1 1 3 1 6 1 9 1 14 2 3 1 6 1 9 1 14 3 3 1 6 1 9 1 14 4 3 1 6 1 9 1 14 5 3 1 6 2 9 1 14 6 3 1 6 2 9 1 14 7 3 1 3 2 5 1 11 2 14 2 3 2 5 1 11 2 14 3 2 1 5 1 11 2 14 4 2 1 5 2 14 5 1 1 5 2 14 6 1 1 5 2 14 7 4 1 2 1 5 1 8 1 14 2 2 1 5 1 8 1 14 3 2 1 5 1 8 1 14 4 2 1 5 2 8 1 14 5 2 1 5 2 8 1 14 6 2 1 5 2 8 1 14 7 5 1 2 2 5 2 7 1 14 2 2 2 5 2 7 1 14 3 2 2 5 2 7 1 14 4 2 2 5 1 7 1 14 5 2 2 5 1 7 1 14 6 2 2 5 1 7 1 14 7 6 1 3 2 5 1 8 1 14 2 3 2 5 1 8 1 14 3 3 2 5 1 8 1 14 4 2 2 5 2 8 1 14 5 2 2 5 2 8 1 14 1 14 6 1 1 5 2 8 1 14 7 7 1 2 2 1 2 1 5 1 9 1 14 2 2 1 5 1 9 1 14 3 3 3 5 2 9 1 14 4 3 3 5 2 9 1 14 5 1 1 5 1 9 1 14 6 3 3 5 2 9 1 14 7 7 2 4 1 1 1 4 1 2 1 7 3 3 2 1 1 3 4 3 2 3 1 1 2 2 1 2 4 3 2 3 1 1 3 4 3 5 1 2 2 1 1 6 3 1 4 2 1 1 1 2 3 4 5 6 7 2 1 2 3 4 5 6 7 4 3 3 2 3 2 1 1 3 3 4 3 5 1 2 1 2 3 6 3 4 1 1 1 2 1 1 3 2 6 3 9 1 14 2 3 2 6 3 9 1 14 3 3 2 6 3 9 1 14 4 3 2 6 3 9 1 14 5 3 2 6 3 9 1 14 6 3 2 6 3 9 1 14 7 2 1 3 3 5 1 9 1 10 1 2 2 2 5 2 9 1 10 4 14 3 2 2 5 2 9 1 14 4 2 2 5 2 9 1 14 5 3 3 5 1 9 1 14 6 3 3 5 2 9 1 14 7 3 3 2 1 13 2 14 2 3 2 5 1 13 2 14 3 14 7 7 2 5 3 3 1 1 3 2 7 7 1 2 3 1 3 2 5 1 13 2 14 3 3 2 5 2 8 1 14 4 1 2 5 2 8 1 14 5 1 2 5 2 8 1 14 6 1 2 5 2 8 1 14 7 4 1 2 2 4 1 8 1 14 2 2 2 4 1 8 1 14 3 2 2 4 1 8 1 14 4 2 2 4 1 8 1 14 5 2 2 4 1 8 1 14 6 2 2 4 1 8 1 14 7 5 1 2 2 4 2 7 1 14 2 2 2 4 2 7 1 14 3 2 2 4 2 7 1 14 4 2 2 4 2 7 1 14 5 2 2 4 2 7 1 14 6 2 2 4 2 7 1 14 7 6 1 2 2 5 1 8 1 14 2 3 2 5 2 8 1 14 3 3 2 5 2 8 1 14 4 3 2 5 2 8 1 14 5 2 2 5 2 8 1 14 6 1 2 5 1 8 1 14 7 7 2 4 1 1 2 3 6 7 1 2 1 3 1 5 1 6 3 3 1 1 1 2 1 4 1 2 3 6 2 1 3 6 3 1 4 1 1 1 1 2 3 4 5 6 7 3 1 2 3 4 5 6 7 4 1 4 3 2 1 3 1 2 3 4 5 6 7 4 3 3 2 2 1 1 3 4 2 2 4 3 2 3 1 2 3 3 3 4 3 4 1 1 3 549,0 3 4 1 1 3 2 3 1 3 4 3 2 1 2 1 1 3 1 5 3 13 1 14 2 3 1 5 3 13 1 14 3 3 1 5 3 13 1 14 4 3 1 5 3 13 1 14 5 3 1 5 3 13 1 14 6 3 1 5 3 13 1 14 7 2 1 3 2 5 3 9 2 14 2 3 2 5 3 8 1 14 3 3 2 5 3 9 2 14 4 3 2 5 3 9 2 14 5 3 2 4 1 9 2 14 6 2 1 5 3 9 2 14 7 3 1 3 2 13 1 14 2 3 2 6 1 13 1 14 3 3 2 3 6 1 13 1 14 4 3 2 13 1 14 3 2 13 1 14 3 2 6 3 13 1 14 6 3 2 6 3 13 1 14 5 3 2 13 1 14 4 14 7 4 1 2 2 4 3 8 2 14 2 2 2 4 3 8 2 14 3 2 2 4 3 8 2 14 4 3 2 4 3 8 2 14 5 3 2 4 3 8 2 14 6 3 2 4 3 8 2 14 7 5 3 14 1 3 2 5 3 11 2 14 2 3 2 5 3 11 2 14 3 3 2 5 3 11 2 14 4 3 2 5 3 11 2 14 5 3 2 5 3 11 2 14 6 3 2 5 3 11 2 14 7 6 1 1 1 5 3 8 2 14 2 1 1 5 3 8 2 14 3 2 2 4 3 8 2 14 4 2 2 4 3 8 2 14 5 2 2 4 3 8 2 14 6 2 2 5 3 8 2 1 14 7 7 2 4 1 1 1 6 3 3 1 1 1 2 2 1 3 6 2 6 1 4 3 6 3 2 2 2 1 3 4 1 1 2 3 4 3 2 3 1 3 1 4 3 5 4 1 1 1 2 4 1 2 2 6 3 8 1 14 2 2 2 6 3 8 1 14 3 2 2 6 3 8 1 14 4 2 2 6 3 8 1 14 5 2 2 6 3 8 1 14 6 2 2 6 3 8 1 14 7 5 1 2 2 6 3 9 4 13 2 14 2 2 2 6 3 13 2 14 3 2 2 6 3 13 2 14 4 2 2 6 3 13 2 14 5 2 2 6 3 13 2 14 6 2 2 6 3 13 2 14 7 1 1 3 1 6 3 13 2 14 2 3 1 6 3 13 2 14 3 3 1 6 3 13 2 14 4 3 1 6 3 13 1 14 5 3 1 6 3 13 1 14 6 3 1 6 3 13 1 14 7 2 1 2 1 9 1 14 2 2 2 9 1 14 3 2 2 9 1 14 4 2 2 6 3 9 1 14 5 2 2 6 3 9 1 14 6 2 2 6 3 9 1 14 7 6 1 2 3 6 3 8 1 14 2 2 3 6 3 8 1 14 3 2 3 6 3 8 1 14 4 2 3 8 1 14 5 1 1 8 1 14 6 1 1 8 1 14 7 3 1 2 2 6 3 14 2 2 2 14 3 2 2 14 4 2 2 14 5 2 2 6 3 14 5 14 6 2 2 6 3 14 7 7 3 1 1 2 2 1 1 4 3 2 3 1 2 2 3 3 4 3 5 2 2 2 2 4 3 2 3 2 3 2 4 3 5 4 1 1 

27/12/2019 09:40:40 
 10 2 1 2 1 1 3 1 6 1 9 1 14 2 3 1 6 1 9 1 14 3 3 1 6 1 9 1 14 4 3 1 6 1 9 1 14 5 3 1 6 2 9 1 14 6 3 1 6 2 9 1 14 7 3 1 3 2 5 1 11 2 14 2 3 2 5 1 11 2 14 3 2 1 5 1 11 2 14 4 2 1 5 2 14 5 1 1 5 2 14 6 1 1 5 2 14 7 4 1 2 1 5 1 8 1 14 2 2 1 5 1 8 1 14 3 2 1 5 1 8 1 14 4 2 1 5 2 8 1 14 5 2 1 5 2 8 1 14 6 2 1 5 2 8 1 14 7 5 1 2 2 5 2 7 1 14 2 2 2 5 2 7 1 14 3 2 2 5 2 7 1 14 4 2 2 5 1 7 1 14 5 2 2 5 1 7 1 14 6 2 2 5 1 7 1 14 7 6 1 3 2 5 1 8 1 14 2 3 2 5 1 8 1 14 3 3 2 5 1 8 1 14 4 2 2 5 2 8 1 14 5 2 2 5 2 8 1 14 1 14 6 1 1 5 2 8 1 14 7 7 1 2 2 1 2 1 5 1 9 1 14 2 2 1 5 1 9 1 14 3 3 3 5 2 9 1 14 4 3 3 5 2 9 1 14 5 1 1 5 1 9 1 14 6 3 3 5 2 9 1 14 7 7 2 4 1 1 1 4 1 2 1 7 3 3 2 1 1 3 4 3 2 3 1 1 2 2 1 2 4 3 2 3 1 1 3 4 3 5 1 2 2 1 1 6 3 1 4 2 1 1 1 2 3 4 5 6 7 2 1 2 3 4 5 6 7 4 3 3 2 3 2 1 1 3 3 4 3 5 1 2 1 2 3 6 3 4 1 1 1 2 1 1 3 2 6 3 9 1 14 2 3 2 6 3 9 1 14 3 3 2 6 3 9 1 14 4 3 2 6 3 9 1 14 5 3 2 6 3 9 1 14 6 3 2 6 3 9 1 14 7 2 1 3 3 5 1 9 1 10 1 2 2 2 5 2 9 1 10 4 14 3 2 2 5 2 9 1 14 4 2 2 5 2 9 1 14 5 3 3 5 1 9 1 14 6 3 3 5 2 9 1 14 7 3 3 2 1 13 2 14 2 3 2 5 1 13 2 14 3 14 7 7 2 5 3 3 1 1 3 2 7 7 1 2 3 1 3 2 5 1 13 2 14 3 3 2 5 2 8 1 14 4 1 2 5 2 8 1 14 5 1 2 5 2 8 1 14 6 1 2 5 2 8 1 14 7 4 1 2 2 4 1 8 1 14 2 2 2 4 1 8 1 14 3 2 2 4 1 8 1 14 4 2 2 4 1 8 1 14 5 2 2 4 1 8 1 14 6 2 2 4 1 8 1 14 7 5 1 2 2 4 2 7 1 14 2 2 2 4 2 7 1 14 3 2 2 4 2 7 1 14 4 2 2 4 2 7 1 14 5 2 2 4 2 7 1 14 6 2 2 4 2 7 1 14 7 6 1 2 2 5 1 8 1 14 2 3 2 5 2 8 1 14 3 3 2 5 2 8 1 14 4 3 2 5 2 8 1 14 5 2 2 5 2 8 1 14 6 1 2 5 1 8 1 14 7 7 2 4 1 1 2 3 6 7 1 2 1 3 1 5 1 6 3 3 1 1 1 2 1 4 1 2 3 6 2 1 3 6 3 1 4 1 1 1 1 2 3 4 5 6 7 3 1 2 3 4 5 6 7 4 1 4 3 2 1 3 1 2 3 4 5 6 7 4 3 3 2 2 1 1 3 4 2 2 4 3 2 3 1 2 3 3 3 4 3 4 1 1 3 549,0 3 4 1 1 3 2 3 1 3 4 3 2 1 2 1 1 3 1 5 3 13 1 14 2 3 1 5 3 13 1 14 3 3 1 5 3 13 1 14 4 3 1 5 3 13 1 14 5 3 1 5 3 13 1 14 6 3 1 5 3 13 1 14 7 2 1 3 2 5 3 9 2 14 2 3 2 5 3 8 1 14 3 3 2 5 3 9 2 14 4 3 2 5 3 9 2 14 5 3 2 4 1 9 2 14 6 2 1 5 3 9 2 14 7 3 1 3 2 13 1 14 2 3 2 6 1 13 1 14 3 3 2 3 6 1 13 1 14 4 3 2 13 1 14 3 2 13 1 14 3 2 6 3 13 1 14 6 3 2 6 3 13 1 14 5 3 2 13 1 14 4 14 7 4 1 2 2 4 3 8 2 14 2 2 2 4 3 8 2 14 3 2 2 4 3 8 2 14 4 3 2 4 3 8 2 14 5 3 2 4 3 8 2 14 6 3 2 4 3 8 2 14 7 5 3 14 1 3 2 5 3 11 2 14 2 3 2 5 3 11 2 14 3 3 2 5 3 11 2 14 4 3 2 5 3 11 2 14 5 3 2 5 3 11 2 14 6 3 2 5 3 11 2 14 7 6 1 1 1 5 3 8 2 14 2 1 1 5 3 8 2 14 3 2 2 4 3 8 2 14 4 2 2 4 3 8 2 14 5 2 2 4 3 8 2 14 6 2 2 5 3 8 2 1 14 7 7 2 4 1 1 1 6 3 3 1 1 1 2 2 1 3 6 2 6 1 4 3 6 3 2 2 2 1 3 4 1 1 2 3 4 3 2 3 1 3 1 4 3 5 4 1 1 1 2 4 1 2 2 6 3 8 1 14 2 2 2 6 3 8 1 14 3 2 2 6 3 8 1 14 4 2 2 6 3 8 1 14 5 2 2 6 3 8 1 14 6 2 2 6 3 8 1 14 7 5 1 2 2 6 3 9 4 13 2 14 2 2 2 6 3 13 2 14 3 2 2 6 3 13 2 14 4 2 2 6 3 13 2 14 5 2 2 6 3 13 2 14 6 2 2 6 3 13 2 14 7 1 1 3 1 6 3 13 2 14 2 3 1 6 3 13 2 14 3 3 1 6 3 13 2 14 4 3 1 6 3 13 1 14 5 3 1 6 3 13 1 14 6 3 1 6 3 13 1 14 7 2 1 2 1 9 1 14 2 2 2 9 1 14 3 2 2 9 1 14 4 2 2 6 3 9 1 14 5 2 2 6 3 9 1 14 6 2 2 6 3 9 1 14 7 6 1 2 3 6 3 8 1 14 2 2 3 6 3 8 1 14 3 2 3 6 3 8 1 14 4 2 3 8 1 14 5 1 1 8 1 14 6 1 1 8 1 14 7 3 1 2 2 6 3 14 2 2 2 14 3 2 2 14 4 2 2 14 5 2 2 6 3 14 5 14 6 2 2 6 3 14 7 7 3 1 1 2 2 1 1 4 3 2 3 1 2 2 3 3 4 3 5 2 2 2 2 4 3 2 3 2 3 2 4 3 5 4 1 1 

27/12/2019 09:41:44 
 10 2 1 2 1 1 3 1 6 1 9 1 14 2 3 1 6 1 9 1 14 3 3 1 6 1 9 1 14 4 3 1 6 1 9 1 14 5 3 1 6 2 9 1 14 6 3 1 6 2 9 1 14 7 3 1 3 2 5 1 11 2 14 2 3 2 5 1 11 2 14 3 2 1 5 1 11 2 14 4 2 1 5 2 14 5 1 1 5 2 14 6 1 1 5 2 14 7 4 1 2 1 5 1 8 1 14 2 2 1 5 1 8 1 14 3 2 1 5 1 8 1 14 4 2 1 5 2 8 1 14 5 2 1 5 2 8 1 14 6 2 1 5 2 8 1 14 7 5 1 2 2 5 2 7 1 14 2 2 2 5 2 7 1 14 3 2 2 5 2 7 1 14 4 2 2 5 1 7 1 14 5 2 2 5 1 7 1 14 6 2 2 5 1 7 1 14 7 6 1 3 2 5 1 8 1 14 2 3 2 5 1 8 1 14 3 3 2 5 1 8 1 14 4 2 2 5 2 8 1 14 5 2 2 5 2 8 1 14 1 14 6 1 1 5 2 8 1 14 7 7 1 2 2 1 2 1 5 1 9 1 14 2 2 1 5 1 9 1 14 3 3 3 5 2 9 1 14 4 3 3 5 2 9 1 14 5 1 1 5 1 9 1 14 6 3 3 5 2 9 1 14 7 7 2 4 1 1 1 4 1 2 1 7 3 3 2 1 1 3 4 3 2 3 1 1 2 2 1 2 4 3 2 3 1 1 3 4 3 5 1 2 2 1 1 6 3 1 4 2 1 1 1 2 3 4 5 6 7 2 1 2 3 4 5 6 7 4 3 3 2 3 2 1 1 3 3 4 3 5 1 2 1 2 3 6 3 4 1 1 1 2 1 1 3 2 6 3 9 1 14 2 3 2 6 3 9 1 14 3 3 2 6 3 9 1 14 4 3 2 6 3 9 1 14 5 3 2 6 3 9 1 14 6 3 2 6 3 9 1 14 7 2 1 3 3 5 1 9 1 10 1 2 2 2 5 2 9 1 10 4 14 3 2 2 5 2 9 1 14 4 2 2 5 2 9 1 14 5 3 3 5 1 9 1 14 6 3 3 5 2 9 1 14 7 3 3 2 1 13 2 14 2 3 2 5 1 13 2 14 3 14 7 7 2 5 3 3 1 1 3 2 7 7 1 2 3 1 3 2 5 1 13 2 14 3 3 2 5 2 8 1 14 4 1 2 5 2 8 1 14 5 1 2 5 2 8 1 14 6 1 2 5 2 8 1 14 7 4 1 2 2 4 1 8 1 14 2 2 2 4 1 8 1 14 3 2 2 4 1 8 1 14 4 2 2 4 1 8 1 14 5 2 2 4 1 8 1 14 6 2 2 4 1 8 1 14 7 5 1 2 2 4 2 7 1 14 2 2 2 4 2 7 1 14 3 2 2 4 2 7 1 14 4 2 2 4 2 7 1 14 5 2 2 4 2 7 1 14 6 2 2 4 2 7 1 14 7 6 1 2 2 5 1 8 1 14 2 3 2 5 2 8 1 14 3 3 2 5 2 8 1 14 4 3 2 5 2 8 1 14 5 2 2 5 2 8 1 14 6 1 2 5 1 8 1 14 7 7 2 4 1 1 2 3 6 7 1 2 1 3 1 5 1 6 3 3 1 1 1 2 1 4 1 2 3 6 2 1 3 6 3 1 4 1 1 1 1 2 3 4 5 6 7 3 1 2 3 4 5 6 7 4 1 4 3 2 1 3 1 2 3 4 5 6 7 4 3 3 2 2 1 1 3 4 2 2 4 3 2 3 1 2 3 3 3 4 3 4 1 1 3 549,0 3 4 1 1 3 2 3 1 3 4 3 2 1 2 1 1 3 1 5 3 13 1 14 2 3 1 5 3 13 1 14 3 3 1 5 3 13 1 14 4 3 1 5 3 13 1 14 5 3 1 5 3 13 1 14 6 3 1 5 3 13 1 14 7 2 1 3 2 5 3 9 2 14 2 3 2 5 3 8 1 14 3 3 2 5 3 9 2 14 4 3 2 5 3 9 2 14 5 3 2 4 1 9 2 14 6 2 1 5 3 9 2 14 7 3 1 3 2 13 1 14 2 3 2 6 1 13 1 14 3 3 2 3 6 1 13 1 14 4 3 2 13 1 14 3 2 13 1 14 3 2 6 3 13 1 14 6 3 2 6 3 13 1 14 5 3 2 13 1 14 4 14 7 4 1 2 2 4 3 8 2 14 2 2 2 4 3 8 2 14 3 2 2 4 3 8 2 14 4 3 2 4 3 8 2 14 5 3 2 4 3 8 2 14 6 3 2 4 3 8 2 14 7 5 3 14 1 3 2 5 3 11 2 14 2 3 2 5 3 11 2 14 3 3 2 5 3 11 2 14 4 3 2 5 3 11 2 14 5 3 2 5 3 11 2 14 6 3 2 5 3 11 2 14 7 6 1 1 1 5 3 8 2 14 2 1 1 5 3 8 2 14 3 2 2 4 3 8 2 14 4 2 2 4 3 8 2 14 5 2 2 4 3 8 2 14 6 2 2 5 3 8 2 1 14 7 7 2 4 1 1 1 6 3 3 1 1 1 2 2 1 3 6 2 6 1 4 3 6 3 2 2 2 1 3 4 1 1 2 3 4 3 2 3 1 3 1 4 3 5 4 1 1 1 2 4 1 2 2 6 3 8 1 14 2 2 2 6 3 8 1 14 3 2 2 6 3 8 1 14 4 2 2 6 3 8 1 14 5 2 2 6 3 8 1 14 6 2 2 6 3 8 1 14 7 5 1 2 2 6 3 9 4 13 2 14 2 2 2 6 3 13 2 14 3 2 2 6 3 13 2 14 4 2 2 6 3 13 2 14 5 2 2 6 3 13 2 14 6 2 2 6 3 13 2 14 7 1 1 3 1 6 3 13 2 14 2 3 1 6 3 13 2 14 3 3 1 6 3 13 2 14 4 3 1 6 3 13 1 14 5 3 1 6 3 13 1 14 6 3 1 6 3 13 1 14 7 2 1 2 1 9 1 14 2 2 2 9 1 14 3 2 2 9 1 14 4 2 2 6 3 9 1 14 5 2 2 6 3 9 1 14 6 2 2 6 3 9 1 14 7 6 1 2 3 6 3 8 1 14 2 2 3 6 3 8 1 14 3 2 3 6 3 8 1 14 4 2 3 8 1 14 5 1 1 8 1 14 6 1 1 8 1 14 7 3 1 2 2 6 3 14 2 2 2 14 3 2 2 14 4 2 2 14 5 2 2 6 3 14 5 14 6 2 2 6 3 14 7 7 3 1 1 2 2 1 1 4 3 2 3 1 2 2 3 3 4 3 5 2 2 2 2 4 3 2 3 2 3 2 4 3 5 4 1 1 

27/12/2019 09:46:51 
 10 2 1 2 1 1 3 1 6 1 9 1 14 2 3 1 6 1 9 1 14 3 3 1 6 1 9 1 14 4 3 1 6 1 9 1 14 5 3 1 6 2 9 1 14 6 3 1 6 2 9 1 14 7 3 1 3 2 5 1 11 2 14 2 3 2 5 1 11 2 14 3 2 1 5 1 11 2 14 4 2 1 5 2 14 5 1 1 5 2 14 6 1 1 5 2 14 7 4 1 2 1 5 1 8 1 14 2 2 1 5 1 8 1 14 3 2 1 5 1 8 1 14 4 2 1 5 2 8 1 14 5 2 1 5 2 8 1 14 6 2 1 5 2 8 1 14 7 5 1 2 2 5 2 7 1 14 2 2 2 5 2 7 1 14 3 2 2 5 2 7 1 14 4 2 2 5 1 7 1 14 5 2 2 5 1 7 1 14 6 2 2 5 1 7 1 14 7 6 1 3 2 5 1 8 1 14 2 3 2 5 1 8 1 14 3 3 2 5 1 8 1 14 4 2 2 5 2 8 1 14 5 2 2 5 2 8 1 14 1 14 6 1 1 5 2 8 1 14 7 7 1 2 2 1 2 1 5 1 9 1 14 2 2 1 5 1 9 1 14 3 3 3 5 2 9 1 14 4 3 3 5 2 9 1 14 5 1 1 5 1 9 1 14 6 3 3 5 2 9 1 14 7 7 2 4 1 1 1 4 1 2 1 7 3 3 2 1 1 3 4 3 2 3 1 1 2 2 1 2 4 3 2 3 1 1 3 4 3 5 1 2 2 1 1 6 3 1 4 2 1 1 1 2 3 4 5 6 7 2 1 2 3 4 5 6 7 4 3 3 2 3 2 1 1 3 3 4 3 5 1 2 1 2 3 6 3 4 1 1 1 2 1 1 3 2 6 3 9 1 14 2 3 2 6 3 9 1 14 3 3 2 6 3 9 1 14 4 3 2 6 3 9 1 14 5 3 2 6 3 9 1 14 6 3 2 6 3 9 1 14 7 2 1 3 3 5 1 9 1 10 1 2 2 2 5 2 9 1 10 4 14 3 2 2 5 2 9 1 14 4 2 2 5 2 9 1 14 5 3 3 5 1 9 1 14 6 3 3 5 2 9 1 14 7 3 3 2 1 13 2 14 2 3 2 5 1 13 2 14 3 14 7 7 2 5 3 3 1 1 3 2 7 7 1 2 3 1 3 2 5 1 13 2 14 3 3 2 5 2 8 1 14 4 1 2 5 2 8 1 14 5 1 2 5 2 8 1 14 6 1 2 5 2 8 1 14 7 4 1 2 2 4 1 8 1 14 2 2 2 4 1 8 1 14 3 2 2 4 1 8 1 14 4 2 2 4 1 8 1 14 5 2 2 4 1 8 1 14 6 2 2 4 1 8 1 14 7 5 1 2 2 4 2 7 1 14 2 2 2 4 2 7 1 14 3 2 2 4 2 7 1 14 4 2 2 4 2 7 1 14 5 2 2 4 2 7 1 14 6 2 2 4 2 7 1 14 7 6 1 2 2 5 1 8 1 14 2 3 2 5 2 8 1 14 3 3 2 5 2 8 1 14 4 3 2 5 2 8 1 14 5 2 2 5 2 8 1 14 6 1 2 5 1 8 1 14 7 7 2 4 1 1 2 3 6 7 1 2 1 3 1 5 1 6 3 3 1 1 1 2 1 4 1 2 3 6 2 1 3 6 3 1 4 1 1 1 1 2 3 4 5 6 7 3 1 2 3 4 5 6 7 4 1 4 3 2 1 3 1 2 3 4 5 6 7 4 3 3 2 2 1 1 3 4 2 2 4 3 2 3 1 2 3 3 3 4 3 4 1 1 3 549,0 3 4 1 1 3 2 3 1 3 4 3 2 1 2 1 1 3 1 5 3 13 1 14 2 3 1 5 3 13 1 14 3 3 1 5 3 13 1 14 4 3 1 5 3 13 1 14 5 3 1 5 3 13 1 14 6 3 1 5 3 13 1 14 7 2 1 3 2 5 3 9 2 14 2 3 2 5 3 8 1 14 3 3 2 5 3 9 2 14 4 3 2 5 3 9 2 14 5 3 2 4 1 9 2 14 6 2 1 5 3 9 2 14 7 3 1 3 2 13 1 14 2 3 2 6 1 13 1 14 3 3 2 3 6 1 13 1 14 4 3 2 13 1 14 3 2 13 1 14 3 2 6 3 13 1 14 6 3 2 6 3 13 1 14 5 3 2 13 1 14 4 14 7 4 1 2 2 4 3 8 2 14 2 2 2 4 3 8 2 14 3 2 2 4 3 8 2 14 4 3 2 4 3 8 2 14 5 3 2 4 3 8 2 14 6 3 2 4 3 8 2 14 7 5 3 14 1 3 2 5 3 11 2 14 2 3 2 5 3 11 2 14 3 3 2 5 3 11 2 14 4 3 2 5 3 11 2 14 5 3 2 5 3 11 2 14 6 3 2 5 3 11 2 14 7 6 1 1 1 5 3 8 2 14 2 1 1 5 3 8 2 14 3 2 2 4 3 8 2 14 4 2 2 4 3 8 2 14 5 2 2 4 3 8 2 14 6 2 2 5 3 8 2 1 14 7 7 2 4 1 1 1 6 3 3 1 1 1 2 2 1 3 6 2 6 1 4 3 6 3 2 2 2 1 3 4 1 1 2 3 4 3 2 3 1 3 1 4 3 5 4 1 1 1 2 4 1 2 2 6 3 8 1 14 2 2 2 6 3 8 1 14 3 2 2 6 3 8 1 14 4 2 2 6 3 8 1 14 5 2 2 6 3 8 1 14 6 2 2 6 3 8 1 14 7 5 1 2 2 6 3 9 4 13 2 14 2 2 2 6 3 13 2 14 3 2 2 6 3 13 2 14 4 2 2 6 3 13 2 14 5 2 2 6 3 13 2 14 6 2 2 6 3 13 2 14 7 1 1 3 1 6 3 13 2 14 2 3 1 6 3 13 2 14 3 3 1 6 3 13 2 14 4 3 1 6 3 13 1 14 5 3 1 6 3 13 1 14 6 3 1 6 3 13 1 14 7 2 1 2 1 9 1 14 2 2 2 9 1 14 3 2 2 9 1 14 4 2 2 6 3 9 1 14 5 2 2 6 3 9 1 14 6 2 2 6 3 9 1 14 7 6 1 2 3 6 3 8 1 14 2 2 3 6 3 8 1 14 3 2 3 6 3 8 1 14 4 2 3 8 1 14 5 1 1 8 1 14 6 1 1 8 1 14 7 3 1 2 2 6 3 14 2 2 2 14 3 2 2 14 4 2 2 14 5 2 2 6 3 14 5 14 6 2 2 6 3 14 7 7 3 1 1 2 2 1 1 4 3 2 3 1 2 2 3 3 4 3 5 2 2 2 2 4 3 2 3 2 3 2 4 3 5 4 1 1 

27/12/2019 10:06:14 
 10 2 1 2 1 1 3 1 6 1 9 1 14 2 3 1 6 1 9 1 14 3 3 1 6 1 9 1 14 4 3 1 6 1 9 1 14 5 3 1 6 2 9 1 14 6 3 1 6 2 9 1 14 7 3 1 3 2 5 1 11 2 14 2 3 2 5 1 11 2 14 3 2 1 5 1 11 2 14 4 2 1 5 2 14 5 1 1 5 2 14 6 1 1 5 2 14 7 4 1 2 1 5 1 8 1 14 2 2 1 5 1 8 1 14 3 2 1 5 1 8 1 14 4 2 1 5 2 8 1 14 5 2 1 5 2 8 1 14 6 2 1 5 2 8 1 14 7 5 1 2 2 5 2 7 1 14 2 2 2 5 2 7 1 14 3 2 2 5 2 7 1 14 4 2 2 5 1 7 1 14 5 2 2 5 1 7 1 14 6 2 2 5 1 7 1 14 7 6 1 3 2 5 1 8 1 14 2 3 2 5 1 8 1 14 3 3 2 5 1 8 1 14 4 2 2 5 2 8 1 14 5 2 2 5 2 8 1 14 1 14 6 1 1 5 2 8 1 14 7 7 1 2 2 1 2 1 5 1 9 1 14 2 2 1 5 1 9 1 14 3 3 3 5 2 9 1 14 4 3 3 5 2 9 1 14 5 1 1 5 1 9 1 14 6 3 3 5 2 9 1 14 7 7 2 4 1 1 1 4 1 2 1 7 3 3 2 1 1 3 4 3 2 3 1 1 2 2 1 2 4 3 2 3 1 1 3 4 3 5 1 2 2 1 1 6 3 1 4 2 1 1 1 2 3 4 5 6 7 2 1 2 3 4 5 6 7 4 3 3 2 3 2 1 1 3 3 4 3 5 1 2 1 2 3 6 3 4 1 1 1 2 1 1 3 2 6 3 9 1 14 2 3 2 6 3 9 1 14 3 3 2 6 3 9 1 14 4 3 2 6 3 9 1 14 5 3 2 6 3 9 1 14 6 3 2 6 3 9 1 14 7 2 1 3 3 5 1 9 1 10 1 2 2 2 5 2 9 1 10 4 14 3 2 2 5 2 9 1 14 4 2 2 5 2 9 1 14 5 3 3 5 1 9 1 14 6 3 3 5 2 9 1 14 7 3 3 2 1 13 2 14 2 3 2 5 1 13 2 14 3 14 7 7 2 5 3 3 1 1 3 2 7 7 1 2 3 1 3 2 5 1 13 2 14 3 3 2 5 2 8 1 14 4 1 2 5 2 8 1 14 5 1 2 5 2 8 1 14 6 1 2 5 2 8 1 14 7 4 1 2 2 4 1 8 1 14 2 2 2 4 1 8 1 14 3 2 2 4 1 8 1 14 4 2 2 4 1 8 1 14 5 2 2 4 1 8 1 14 6 2 2 4 1 8 1 14 7 5 1 2 2 4 2 7 1 14 2 2 2 4 2 7 1 14 3 2 2 4 2 7 1 14 4 2 2 4 2 7 1 14 5 2 2 4 2 7 1 14 6 2 2 4 2 7 1 14 7 6 1 2 2 5 1 8 1 14 2 3 2 5 2 8 1 14 3 3 2 5 2 8 1 14 4 3 2 5 2 8 1 14 5 2 2 5 2 8 1 14 6 1 2 5 1 8 1 14 7 7 2 4 1 1 2 3 6 7 1 2 1 3 1 5 1 6 3 3 1 1 1 2 1 4 1 2 3 6 2 1 3 6 3 1 4 1 1 1 1 2 3 4 5 6 7 3 1 2 3 4 5 6 7 4 1 4 3 2 1 3 1 2 3 4 5 6 7 4 3 3 2 2 1 1 3 4 2 2 4 3 2 3 1 2 3 3 3 4 3 4 1 1 3 549,0 3 4 1 1 3 2 3 1 3 4 3 2 1 2 1 1 3 1 5 3 13 1 14 2 3 1 5 3 13 1 14 3 3 1 5 3 13 1 14 4 3 1 5 3 13 1 14 5 3 1 5 3 13 1 14 6 3 1 5 3 13 1 14 7 2 1 3 2 5 3 9 2 14 2 3 2 5 3 8 1 14 3 3 2 5 3 9 2 14 4 3 2 5 3 9 2 14 5 3 2 4 1 9 2 14 6 2 1 5 3 9 2 14 7 3 1 3 2 13 1 14 2 3 2 6 1 13 1 14 3 3 2 3 6 1 13 1 14 4 3 2 13 1 14 3 2 13 1 14 3 2 6 3 13 1 14 6 3 2 6 3 13 1 14 5 3 2 13 1 14 4 14 7 4 1 2 2 4 3 8 2 14 2 2 2 4 3 8 2 14 3 2 2 4 3 8 2 14 4 3 2 4 3 8 2 14 5 3 2 4 3 8 2 14 6 3 2 4 3 8 2 14 7 5 3 14 1 3 2 5 3 11 2 14 2 3 2 5 3 11 2 14 3 3 2 5 3 11 2 14 4 3 2 5 3 11 2 14 5 3 2 5 3 11 2 14 6 3 2 5 3 11 2 14 7 6 1 1 1 5 3 8 2 14 2 1 1 5 3 8 2 14 3 2 2 4 3 8 2 14 4 2 2 4 3 8 2 14 5 2 2 4 3 8 2 14 6 2 2 5 3 8 2 1 14 7 7 2 4 1 1 1 6 3 3 1 1 1 2 2 1 3 6 2 6 1 4 3 6 3 2 2 2 1 3 4 1 1 2 3 4 3 2 3 1 3 1 4 3 5 4 1 1 1 2 4 1 2 2 6 3 8 1 14 2 2 2 6 3 8 1 14 3 2 2 6 3 8 1 14 4 2 2 6 3 8 1 14 5 2 2 6 3 8 1 14 6 2 2 6 3 8 1 14 7 5 1 2 2 6 3 9 4 13 2 14 2 2 2 6 3 13 2 14 3 2 2 6 3 13 2 14 4 2 2 6 3 13 2 14 5 2 2 6 3 13 2 14 6 2 2 6 3 13 2 14 7 1 1 3 1 6 3 13 2 14 2 3 1 6 3 13 2 14 3 3 1 6 3 13 2 14 4 3 1 6 3 13 1 14 5 3 1 6 3 13 1 14 6 3 1 6 3 13 1 14 7 2 1 2 1 9 1 14 2 2 2 9 1 14 3 2 2 9 1 14 4 2 2 6 3 9 1 14 5 2 2 6 3 9 1 14 6 2 2 6 3 9 1 14 7 6 1 2 3 6 3 8 1 14 2 2 3 6 3 8 1 14 3 2 3 6 3 8 1 14 4 2 3 8 1 14 5 1 1 8 1 14 6 1 1 8 1 14 7 3 1 2 2 6 3 14 2 2 2 14 3 2 2 14 4 2 2 14 5 2 2 6 3 14 5 14 6 2 2 6 3 14 7 7 3 1 1 2 2 1 1 4 3 2 3 1 2 2 3 3 4 3 5 2 2 2 2 4 3 2 3 2 3 2 4 3 5 4 1 1 

27/12/2019 10:17:53 
 10 2 1 3 1 2 1 152,0 3 2 1 1 1 1 1 1 3 1 1 4 1 1 

27/12/2019 10:19:00 
 10 2 1 3 1 2 1 14,0 3 2 1 1 1 1 1 1 3 1 1 

27/12/2019 10:22:52 
 10 2 1 3 1 2 1 124,0 3 2 1 1 1 1 1 1 3 1 1 

27/12/2019 10:34:27 
 10 2 1 3 1 2 1 145,0 3 2 1 1 1 1 1 1 3 1 1 

27/12/2019 10:35:27 
 10 2 1 2 1 1 3 1 6 1 9 1 14 2 3 1 6 1 9 1 14 3 3 1 6 1 9 1 14 4 3 1 6 1 9 1 14 5 3 1 6 2 9 1 14 6 3 1 6 2 9 1 14 7 3 1 3 2 5 1 11 2 14 2 3 2 5 1 11 2 14 3 2 1 5 1 11 2 14 4 2 1 5 2 14 5 1 1 5 2 14 6 1 1 5 2 14 7 4 1 2 1 5 1 8 1 14 2 2 1 5 1 8 1 14 3 2 1 5 1 8 1 14 4 2 1 5 2 8 1 14 5 2 1 5 2 8 1 14 6 2 1 5 2 8 1 14 7 5 1 2 2 5 2 7 1 14 2 2 2 5 2 7 1 14 3 2 2 5 2 7 1 14 4 2 2 5 1 7 1 14 5 2 2 5 1 7 1 14 6 2 2 5 1 7 1 14 7 6 1 3 2 5 1 8 1 14 2 3 2 5 1 8 1 14 3 3 2 5 1 8 1 14 4 2 2 5 2 8 1 14 5 2 2 5 2 8 1 14 1 14 6 1 1 5 2 8 1 14 7 7 1 2 2 1 2 1 5 1 9 1 14 2 2 1 5 1 9 1 14 3 3 3 5 2 9 1 14 4 3 3 5 2 9 1 14 5 1 1 5 1 9 1 14 6 3 3 5 2 9 1 14 7 7 2 4 1 1 1 4 1 2 1 7 3 3 2 1 1 3 4 3 2 3 1 1 2 2 1 2 4 3 2 3 1 1 3 4 3 5 1 2 2 1 1 6 3 1 4 2 1 1 1 2 3 4 5 6 7 2 1 2 3 4 5 6 7 4 3 3 2 3 2 1 1 3 3 4 3 5 1 2 1 2 3 6 3 4 1 1 1 2 1 1 3 2 6 3 9 1 14 2 3 2 6 3 9 1 14 3 3 2 6 3 9 1 14 4 3 2 6 3 9 1 14 5 3 2 6 3 9 1 14 6 3 2 6 3 9 1 14 7 2 1 3 3 5 1 9 1 10 1 2 2 2 5 2 9 1 10 4 14 3 2 2 5 2 9 1 14 4 2 2 5 2 9 1 14 5 3 3 5 1 9 1 14 6 3 3 5 2 9 1 14 7 3 3 2 1 13 2 14 2 3 2 5 1 13 2 14 3 14 7 7 2 5 3 3 1 1 3 2 7 7 1 2 3 1 3 2 5 1 13 2 14 3 3 2 5 2 8 1 14 4 1 2 5 2 8 1 14 5 1 2 5 2 8 1 14 6 1 2 5 2 8 1 14 7 4 1 2 2 4 1 8 1 14 2 2 2 4 1 8 1 14 3 2 2 4 1 8 1 14 4 2 2 4 1 8 1 14 5 2 2 4 1 8 1 14 6 2 2 4 1 8 1 14 7 5 1 2 2 4 2 7 1 14 2 2 2 4 2 7 1 14 3 2 2 4 2 7 1 14 4 2 2 4 2 7 1 14 5 2 2 4 2 7 1 14 6 2 2 4 2 7 1 14 7 6 1 2 2 5 1 8 1 14 2 3 2 5 2 8 1 14 3 3 2 5 2 8 1 14 4 3 2 5 2 8 1 14 5 2 2 5 2 8 1 14 6 1 2 5 1 8 1 14 7 7 2 4 1 1 2 3 6 7 1 2 1 3 1 5 1 6 3 3 1 1 1 2 1 4 1 2 3 6 2 1 3 6 3 1 4 1 1 1 1 2 3 4 5 6 7 3 1 2 3 4 5 6 7 4 1 4 3 2 1 3 1 2 3 4 5 6 7 4 3 3 2 2 1 1 3 4 2 2 4 3 2 3 1 2 3 3 3 4 3 4 1 1 3 549,0 3 4 1 1 3 2 3 1 3 4 3 2 1 2 1 1 3 1 5 3 13 1 14 2 3 1 5 3 13 1 14 3 3 1 5 3 13 1 14 4 3 1 5 3 13 1 14 5 3 1 5 3 13 1 14 6 3 1 5 3 13 1 14 7 2 1 3 2 5 3 9 2 14 2 3 2 5 3 8 1 14 3 3 2 5 3 9 2 14 4 3 2 5 3 9 2 14 5 3 2 4 1 9 2 14 6 2 1 5 3 9 2 14 7 3 1 3 2 13 1 14 2 3 2 6 1 13 1 14 3 3 2 3 6 1 13 1 14 4 3 2 13 1 14 3 2 13 1 14 3 2 6 3 13 1 14 6 3 2 6 3 13 1 14 5 3 2 13 1 14 4 14 7 4 1 2 2 4 3 8 2 14 2 2 2 4 3 8 2 14 3 2 2 4 3 8 2 14 4 3 2 4 3 8 2 14 5 3 2 4 3 8 2 14 6 3 2 4 3 8 2 14 7 5 3 14 1 3 2 5 3 11 2 14 2 3 2 5 3 11 2 14 3 3 2 5 3 11 2 14 4 3 2 5 3 11 2 14 5 3 2 5 3 11 2 14 6 3 2 5 3 11 2 14 7 6 1 1 1 5 3 8 2 14 2 1 1 5 3 8 2 14 3 2 2 4 3 8 2 14 4 2 2 4 3 8 2 14 5 2 2 4 3 8 2 14 6 2 2 5 3 8 2 1 14 7 7 2 4 1 1 1 6 3 3 1 1 1 2 2 1 3 6 2 6 1 4 3 6 3 2 2 2 1 3 4 1 1 2 3 4 3 2 3 1 3 1 4 3 5 4 1 1 1 2 4 1 2 2 6 3 8 1 14 2 2 2 6 3 8 1 14 3 2 2 6 3 8 1 14 4 2 2 6 3 8 1 14 5 2 2 6 3 8 1 14 6 2 2 6 3 8 1 14 7 5 1 2 2 6 3 9 4 13 2 14 2 2 2 6 3 13 2 14 3 2 2 6 3 13 2 14 4 2 2 6 3 13 2 14 5 2 2 6 3 13 2 14 6 2 2 6 3 13 2 14 7 1 1 3 1 6 3 13 2 14 2 3 1 6 3 13 2 14 3 3 1 6 3 13 2 14 4 3 1 6 3 13 1 14 5 3 1 6 3 13 1 14 6 3 1 6 3 13 1 14 7 2 1 2 1 9 1 14 2 2 2 9 1 14 3 2 2 9 1 14 4 2 2 6 3 9 1 14 5 2 2 6 3 9 1 14 6 2 2 6 3 9 1 14 7 6 1 2 3 6 3 8 1 14 2 2 3 6 3 8 1 14 3 2 3 6 3 8 1 14 4 2 3 8 1 14 5 1 1 8 1 14 6 1 1 8 1 14 7 3 1 2 2 6 3 14 2 2 2 14 3 2 2 14 4 2 2 14 5 2 2 6 3 14 5 14 6 2 2 6 3 14 7 7 3 1 1 2 2 1 1 4 3 2 3 1 2 2 3 3 4 3 5 2 2 2 2 4 3 2 3 2 3 2 4 3 5 4 1 1 